subject,age,gender,ntrial,memory_ori,test_ori,cue,type,trial_type,which_change,pas,pas_rt,vis,test_key,test_acc,test,test_rt,contrast,fix_dur,cue_dur,jitter_dur,target_dur,mask_dur,retention_dur,trial_dur
21,22,female,1,75,75,left,same,valid,clock,3,3.637363839243335,1,f,0,change,1.9885192291294516,0.5,0,0,0,0.38739126223299536,0,0,8.7693643190687
21,22,female,2,135,185,right,change,valid,clock,2,6.649357147394767,1,f,1,change,1.9720077028105152,0.4069419370673367,0,0,0,0.38748331367241917,0,0,12.000736090769351
21,22,female,3,165,215,right,change,valid,clock,3,3.0093520412629005,1,j,0,same,2.541629701758211,0.3461892688284379,0,0,0,0.387516991027951,0,0,8.545707227676758
21,22,female,4,15,65,left,change,valid,clock,3,2.337427216822107,1,f,1,change,1.177370292465639,0.2977447647674634,0,0,0,0.38749101135181263,0,0,6.612652037223597
21,22,female,5,15,15,right,same,valid,clock,4,2.337470837013825,1,j,1,same,0.8529184796316258,0.25592670972998877,0,0,0,0.38751282144949073,0,0,6.25301412331828
21,22,female,6,45,45,left,same,valid,anti,3,3.7134246278328646,1,j,1,same,1.6669421795086237,0.21928796852134014,0,0,0,0.3874945394563838,0,0,8.772398488432373
21,22,female,7,105,105,right,same,valid,clock,2,4.137432797637302,1,j,1,same,1.1956923775651376,0.18534516214727204,0,0,0,0.3874643902054231,0,0,8.44387524367994
21,22,female,8,75,75,right,same,valid,clock,1,2.0894460940980935,0,j,1,same,1.0859247256594244,0.15488367948209586,0,0,0,0.3874008843340562,0,0,6.042831181508518
21,22,female,9,135,85,left,change,valid,anti,2,2.681480533527065,1,j,0,same,0.8528421442897525,0.21622289014791712,0,0,0,0.3875234057632042,0,0,6.253104891809926
21,22,female,10,75,25,right,same,catch,clock,1,1.9213364329334581,0,f,0,change,1.450285808488843,0,0,0,0,0.3874432215852721,0,0,7.718429724336602
21,22,female,11,45,95,right,change,valid,clock,2,3.0080646040732972,1,f,1,change,1.90681475722522,0.19903413425693584,0,0,0,0.38753623523007263,0,0,8.079685754993989
21,22,female,12,105,105,left,same,valid,anti,2,4.8733064299376565,1,f,0,change,2.37689611530368,0.18334199388861483,0,0,0,0.38745861694405903,0,0,10.638229507650976
21,22,female,13,45,45,right,same,valid,anti,4,4.609398163203878,1,j,1,same,1.9198976080078864,0.16866914235008845,0,0,0,0.38739799770337413,0,0,9.49390792674967
21,22,female,14,165,165,right,same,valid,clock,3,4.169398060570529,1,f,0,change,1.7380241720020422,0.15556488189233014,0,0,0,0.38751025555757224,0,0,8.70383941097316
21,22,female,15,135,135,right,same,valid,anti,1,1.9610558267922897,0,f,0,change,2.606885511744622,0.14363918829009092,0,0,0,0.38747305009746924,0,0,7.461790955352626
21,22,female,16,15,15,left,same,valid,anti,4,2.721414820985956,1,f,0,change,1.4293686425990018,0.17209505767763317,0,0,0,0.387410506435117,0,0,7.099973956177564
21,22,female,17,15,325,left,change,valid,anti,4,2.5934261160546157,1,j,0,same,1.0937070814179606,0.16263129039692897,0,0,0,0.38739799770337413,0,0,6.712469473881356
21,22,female,18,135,135,left,same,valid,anti,4,1.7614809312399302,1,j,1,same,0.778348154577543,0.15377813134855517,0,0,0,0.3874441837906488,0,0,5.595381968567381
21,22,female,19,165,215,left,change,valid,clock,3,4.057350291324838,1,f,1,change,1.6017434606583265,0.14540687106091715,0,0,0,0.3874659938883269,0,0,8.577399864392646
21,22,female,20,45,95,left,change,valid,clock,2,2.441489924698544,1,j,0,same,1.0786151358224743,0.13793038451247552,0,0,0,0.38743648611125536,0,0,6.348281268139544
21,22,female,21,75,125,left,change,valid,clock,2,3.2973623895159108,1,f,1,change,1.7092386929107306,0.13073897040295368,0,0,0,0.3874675975712307,0,0,8.021073043939396
21,22,female,22,75,75,right,same,valid,anti,3,4.33706863316911,1,f,0,change,1.4066668975974608,0.12373377360899002,0,0,0,0.38746246578375576,0,0,8.87414964677373
21,22,female,23,105,155,right,change,valid,clock,3,1.9934656308141712,1,f,1,change,1.1055217392131453,0.11687724722308773,0,0,0,0.3875064067178755,0,0,5.876390954967064
21,22,female,24,45,45,left,same,valid,clock,1,3.145487779609539,0,f,0,change,1.1680621921332204,0.11059967236427076,0,0,0,0.3874464289510797,0,0,7.569031201910548
21,22,female,25,75,75,left,same,valid,anti,2,4.625267253872153,1,j,1,same,3.1814558367987047,0.12688241966783126,0,0,0,0.3874313543237804,0,0,11.322393645306875
21,22,female,26,165,165,right,same,valid,anti,4,4.081474824415636,1,j,1,same,1.4988286695006536,0.12157378692057313,0,0,0,0.3874833136687812,0,0,8.763768425524177
21,22,female,27,165,115,left,change,valid,anti,4,4.105415896097838,1,f,1,change,1.6080969343347533,0.11627071051703985,0,0,0,0.38752725460290094,0,0,8.674843528591737
21,22,female,28,105,105,right,same,valid,anti,4,2.7610678223463765,1,f,0,change,1.786894505203236,0.11137726957536809,0,0,0,0.38750608597911196,0,0,7.480089947406668
21,22,female,29,135,185,left,change,valid,clock,2,2.8014498582670058,1,f,1,change,1.4722947621776257,0.10643987668165705,0,0,0,0.3874643902054231,0,0,7.334609544737759
21,22,female,30,45,45,right,same,valid,clock,1,3.9213800531251763,0,f,0,change,3.113936908521282,0.10185713906781746,0,0,0,0.3874743330452475,0,0,10.09744494714323
21,22,female,31,135,115,left,change,catch,clock,2,3.4253113230952295,1,j,0,same,1.2187267265398987,0,0,0,0,0.38751185924047604,0,0,9.262077180803317
21,22,female,32,165,85,right,change,catch,clock,2,3.4240389605329256,1,j,0,same,2.4604095423019317,0,0,0,0,0.3874743330452475,0,0,10.33849751525122
21,22,female,33,75,125,right,change,valid,clock,1,1.4722524249264097,0,f,1,change,4.240495769161498,0.11395300071884579,0,0,0,0.38745925841794815,0,0,9.14185190815624
21,22,female,34,45,135,left,same,catch,clock,3,2.625415113496274,1,j,1,same,1.9162829051820154,0,0,0,0,0.38752789607679006,0,0,9.308858555748884
21,22,female,35,135,135,right,same,valid,clock,2,2.448310391035193,1,j,1,same,0.9418180383618164,0.12490988541222608,0,0,0,0.3875333485993906,0,0,6.693166255161486
21,22,female,36,15,325,right,change,valid,anti,2,2.4813947043803637,1,j,0,same,1.3122962119086878,0.12087159313440043,0,0,0,0.38749486019514734,0,0,7.087260594096733
21,22,female,37,105,55,right,change,valid,anti,1,2.97495719768267,0,f,1,change,2.9981371611356735,0.11703212550457048,0,0,0,0.3874913320905762,0,0,8.71546675852369
21,22,female,38,75,25,left,change,valid,anti,1,0.45731860253727064,0,f,1,change,2.8403215449761774,0.12718815696579455,0,0,0,0.38748427588143386,0,0,6.5526960807910655
21,22,female,39,165,115,right,change,valid,anti,2,2.649373184227443,1,j,0,same,2.3224427180248313,0.13683746239438277,0,0,0,0.38740569538640557,0,0,8.088382210400596
21,22,female,40,105,105,left,same,valid,clock,2,2.481488680237817,1,j,1,same,1.0498877100726531,0.13360194802273456,0,0,0,0.38743488242835156,0,0,6.494558380818489
21,22,female,41,15,15,right,same,valid,anti,1,6.033200420039066,0,j,1,same,0.9337181532500836,0.13028965287575806,0,0,0,0.3874983882960805,0,0,10.123516993593512
21,22,female,42,45,355,right,change,valid,anti,1,2.50541018698641,0,j,0,same,1.9417606264905771,0.13877283891920633,0,0,0,0.3875343108084053,0,0,7.870044858238543
21,22,female,43,165,165,left,same,valid,anti,2,2.1853896726606763,1,j,1,same,1.9739516880690644,0.14707913982110843,0,0,0,0.38744225936898147,0,0,7.06248400325785
21,22,female,44,105,55,left,change,valid,anti,2,1.8014793660440773,1,j,0,same,1.086990854513715,0.14423930794832218,0,0,0,0.38744707042496884,0,0,5.873630694761232
21,22,female,45,15,15,left,same,valid,clock,2,1.7613115822532563,1,f,0,change,2.988216774399916,0.1413325721179826,0,0,0,0.38740569538640557,0,0,8.238744546673843
21,22,female,46,135,75,left,change,catch,anti,2,0.8172990632556321,1,f,1,change,2.0346758089435752,0,0,0,0,0.38744771189522,0,0,7.23454898964701
21,22,female,47,75,25,right,change,valid,anti,1,0.7524788137343421,0,f,1,change,1.4303135329755605,0.13851490435965935,0,0,0,0.3874352031634771,0,0,5.808992302961997
21,22,female,48,135,135,left,same,valid,clock,2,2.69746925898653,1,j,1,same,0.7950822721759323,0.14593165473285125,0,0,0,0.3874522022124438,0,0,6.476804961923335
21,22,female,49,165,135,left,same,catch,clock,1,1.465505728036078,0,f,0,change,1.1354631534450164,0,0,0,0,0.3875176325018401,0,0,7.032185288320761
21,22,female,50,15,65,right,change,valid,clock,1,0.44819011476647574,0,f,1,change,1.239809392583993,0.14342455175862767,0,0,0,0.3874137138045626,0,0,4.580522877826297
21,22,female,51,45,355,left,change,valid,anti,2,2.6254154342350375,1,j,0,same,1.188590945857868,0.15017840264146604,0,0,0,0.38750287860966637,0,0,6.8002098901124555
21,22,female,52,135,165,left,same,catch,anti,3,2.545396113055176,1,j,1,same,0.9829752949335671,0,0,0,0,0.3874483533691091,0,0,8.124130242202227
21,22,female,53,45,135,right,same,catch,clock,1,1.712397949591832,0,f,0,change,3.161806222418818,0,0,0,0,0.3875718370072718,0,0,9.574681620695628
21,22,female,54,45,325,right,change,catch,clock,2,2.232159821825917,1,j,0,same,1.278648684885411,0,0,0,0,0.3875041615574446,0,0,8.170092134831066
21,22,female,55,165,165,left,same,valid,clock,3,3.8645618640184694,1,j,1,same,0.8145439348336367,0.14767477029850545,0,0,0,0.38746727683610516,0,0,8.016482339273352
21,22,female,56,45,165,right,same,catch,anti,1,0.9853994230579701,0,f,0,change,2.5393444526343956,0,0,0,0,0.3875516305961355,0,0,8.013994063807331
21,22,female,57,105,155,left,change,valid,clock,1,0.6885014603140007,0,f,1,change,1.2851009454680025,0.1453229287206933,0,0,0,0.3874012050728197,0,0,5.496703147262451
21,22,female,58,135,85,right,change,valid,anti,2,3.545347361072345,1,f,1,change,1.16844771767137,0.15202320994588614,0,0,0,0.38744803263398353,0,0,7.876077274457202
21,22,female,1,45,45,right,same,valid,anti,2,3.558733308058436,1,j,1,same,1.245007251858624,0.14965639666634073,0,0,0,0.3874239773795125,0,0,7.785064702216914
21,22,female,2,45,45,left,same,valid,clock,2,3.7374003390796133,1,j,1,same,2.392281534994254,0.14740524019309892,0,0,0,0.3874634279964084,0,0,9.38822774359869
21,22,female,3,135,135,right,same,valid,clock,1,2.1133178866512026,0,f,0,change,1.1637223035831994,0.14527810191163937,0,0,0,0.3875278960731521,0,0,6.108347108973248
21,22,female,4,45,95,right,change,valid,clock,3,4.025401385970326,1,j,0,same,0.8997588701349741,0.1513857419526955,0,0,0,0.3873752254003193,0,0,7.886695584289555
21,22,female,5,165,215,right,change,valid,clock,3,2.809240232443699,1,f,1,change,1.449294411289884,0.14922628164300777,0,0,0,0.38740922349097673,0,0,7.552604670821893
21,22,female,6,15,325,left,change,valid,anti,3,2.1294554339547176,1,f,1,change,1.153238061699085,0.14718183030547966,0,0,0,0.3875224435541895,0,0,6.2969993155456905
21,22,female,7,15,15,left,same,valid,anti,3,4.009293346443883,1,j,1,same,6.08761629111541,0.1452408098715975,0,0,0,0.38746406947029755,0,0,13.272732054621883
21,22,female,8,135,85,left,change,valid,anti,2,3.329442476191616,1,f,1,change,1.522648502705124,0.14336956223126418,0,0,0,0.3874887661950197,0,0,8.075949813686748
21,22,female,9,165,165,right,same,valid,anti,1,1.1535228759057645,0,j,1,same,1.037191347037151,0.141409904174211,0,0,0,0.3874919735644653,0,0,5.46480684272683
21,22,female,10,135,185,right,change,valid,clock,3,2.9693427014135523,1,f,1,change,1.2487345332738187,0.14648345150858855,0,0,0,0.3874977468221914,0,0,7.7965980739136285
21,22,female,11,105,55,left,change,valid,anti,2,5.265396485108795,1,f,1,change,2.509868106644717,0.1447070875744147,0,0,0,0.3873967147555959,0,0,11.018084739924234
21,22,female,12,135,135,right,same,valid,anti,2,3.393401868357614,1,j,1,same,2.3047877653079922,0.14286439006244644,0,0,0,0.38747272936234367,0,0,8.659588969476317
21,22,female,13,75,75,left,same,valid,anti,1,1.9454757199091546,0,j,1,same,1.0360501657887653,0.14104771602430827,0,0,0,0.38749902976996964,0,0,6.080811861615075
21,22,female,14,75,25,left,change,valid,anti,1,1.249573901270196,0,f,1,change,1.0428841030698095,0.14577513196330844,0,0,0,0.38751442513239454,0,0,5.531392427150422
21,22,female,15,75,75,left,same,valid,clock,1,4.145378087650897,0,j,1,same,0.8422414749802556,0.15068140738386737,0,0,0,0.3874631072576449,0,0,8.494940057513304
21,22,female,16,75,75,right,same,valid,anti,2,2.4574703110047267,1,j,1,same,1.2041460352775175,0.15529190797577275,0,0,0,0.3874935772473691,0,0,6.840311602139991
21,22,female,17,75,125,left,change,valid,clock,2,5.321401606634026,1,f,1,change,1.7213285428115341,0.15370739335147215,0,0,0,0.3874182041181484,0,0,10.157542027736781
21,22,female,18,45,45,left,same,valid,anti,2,4.625460978848423,1,f,0,change,2.0607295734007494,0.15204552465860327,0,0,0,0.38743648611125536,0,0,9.857160864215984
21,22,female,19,165,115,left,change,valid,anti,2,3.761394332326745,1,j,0,same,3.764879778256727,0.15039244735048674,0,0,0,0.38748427588507184,0,0,10.34878161742381
21,22,female,20,105,105,left,same,valid,clock,3,3.4254046574824315,1,j,1,same,0.8121955005772179,0.14876649572630402,0,0,0,0.38748427588143386,0,0,7.076618870480161
21,22,female,21,45,325,right,change,catch,clock,2,2.8174350556255376,1,j,0,same,1.0951952997966146,0,0,0,0,0.38746727683610516,0,0,8.357141940752626
21,22,female,22,165,115,right,change,valid,anti,3,2.912100819099578,1,f,1,change,1.1115467784875364,0.14722676755992198,0,0,0,0.387389337814966,0,0,7.6616926816241175
21,22,female,23,165,165,left,same,valid,clock,1,1.6573989791613712,0,f,0,change,1.1532374202251958,0.14575371006764892,0,0,0,0.38749486019514734,0,0,5.888732583196543
21,22,female,24,135,135,left,same,valid,clock,3,2.7613917664348264,1,j,1,same,0.8493336053179519,0.1500329916421001,0,0,0,0.38747561598938773,0,0,6.982156774825853
21,22,female,25,105,155,right,change,valid,clock,2,2.0815145957640198,1,f,1,change,0.9109503364852571,0.1485166550434608,0,0,0,0.387500954191637,0,0,5.9999310416060325
21,22,female,26,165,165,right,same,valid,clock,4,1.9534104256126739,1,j,1,same,0.8383910306620237,0.14707794791470102,0,0,0,0.38749902976996964,0,0,6.168421417260106
21,22,female,27,45,135,right,same,catch,clock,3,6.8894009985160665,1,f,0,change,1.237210142207914,0,0,0,0,0.38746631462709047,0,0,12.506795128138037
21,22,female,28,165,215,left,change,valid,clock,2,2.3202716511732433,1,f,1,change,1.4629914728939184,0.14569788985158993,0,0,0,0.3875827420561109,0,0,7.244628141055728
21,22,female,29,135,115,left,change,catch,clock,2,1.6734172123979079,1,j,0,same,1.2649843384278938,0,0,0,0,0.3874935772473691,0,0,7.172289822829043
21,22,female,30,75,75,right,same,valid,clock,2,1.9444849641840847,1,j,1,same,0.8987370029462909,0.14435969918974034,0,0,0,0.38742942990211304,0,0,5.8592953670849965
21,22,female,31,75,25,right,same,catch,clock,3,4.857358438039228,1,f,0,change,2.4662151976590394,0,0,0,0,0.3874457874735526,0,0,11.742111640756775
21,22,female,32,45,355,left,change,valid,anti,2,1.8962407090621127,1,f,1,change,1.1427708188602992,0.1429571693415821,0,0,0,0.38749742608706583,0,0,6.515137169473746
21,22,female,33,15,65,left,change,valid,clock,3,2.8494657488445228,1,f,1,change,0.9685071822568716,0.14156569904493643,0,0,0,0.38748748324724147,0,0,6.9847900232889515
21,22,female,34,135,75,left,change,catch,anti,2,2.225466367224726,1,j,0,same,0.8542960438426235,0,0,0,0,0.3874409764248412,0,0,7.765111991637241
21,22,female,35,75,125,right,change,valid,clock,3,1.4965132711258775,1,f,1,change,0.9207876524087624,0.14016944133775072,0,0,0,0.3874547681043623,0,0,5.392540369524795
21,22,female,36,45,165,right,same,catch,anti,1,1.20955141120794,0,f,0,change,1.1675942372603458,0,0,0,0,0.3874659938883269,0,0,6.906876017936156
21,22,female,37,105,105,left,same,valid,anti,2,1.8565588413948717,1,j,1,same,1.038546780411707,0.13879478982481197,0,0,0,0.3875201983937586,0,0,5.552878579983371
21,22,female,38,45,95,left,change,valid,clock,3,2.2894610404291598,1,j,0,same,0.8634290219270042,0.1374886674669053,0,0,0,0.38743392021933687,0,0,6.62975885088963
21,22,female,39,165,165,left,same,valid,anti,4,2.369394404169725,1,j,1,same,0.9304844856415002,0.13623615486249324,0,0,0,0.3874403349509521,0,0,6.390585799959808
21,22,female,40,45,45,right,same,valid,clock,2,1.4894737416070711,1,j,1,same,1.1365267164073884,0.13502335962256368,0,0,0,0.3874515607349167,0,0,6.041104014275334
21,22,female,41,15,325,right,change,valid,anti,4,3.3294642862892943,1,f,1,change,1.0436814545537345,0.13383769789889371,0,0,0,0.3874926150383544,0,0,7.690575023203564
21,22,female,42,15,15,right,same,valid,clock,4,3.7294265034979617,1,j,1,same,0.9513282028310641,0.13258563795329076,0,0,0,0.3874291091669875,0,0,8.158794183891587
21,22,female,43,105,105,right,same,valid,anti,1,1.6165820242458722,0,f,0,change,0.999638850455085,0.13133609817344644,0,0,0,0.38752789607679006,0,0,5.318699720508448
21,22,female,44,165,85,right,change,catch,clock,2,2.2735496125169448,1,f,1,change,1.06824603842324,0,0,0,0,0.3874801063029736,0,0,8.37314157126093
21,22,female,45,15,65,right,change,valid,clock,3,2.992190702356311,1,j,0,same,0.8789321519943769,0.13461197565606825,0,0,0,0.38749229429959087,0,0,7.31506256611101
21,22,female,46,135,135,left,same,valid,anti,2,2.3374653844875866,1,f,0,change,1.7829067855709582,0.13341057132311634,0,0,0,0.3873713765569846,0,0,6.9252449305968184
21,22,female,47,15,15,right,same,valid,anti,4,5.177492813894787,1,j,1,same,1.0549640101344266,0.13221867034815155,0,0,0,0.38748203072464094,0,0,9.276853521467274
21,22,female,48,15,15,left,same,valid,clock,3,2.7214866660106054,1,j,1,same,1.7228433823365776,0.13102450019158685,0,0,0,0.3875099348188087,0,0,8.090250822526286
21,22,female,49,135,185,left,change,valid,clock,1,1.6174226751863898,0,j,0,same,1.225856062341336,0.12981741241825967,0,0,0,0.38753783891297644,0,0,5.560105419746833
21,22,female,50,135,85,right,change,valid,anti,2,5.057345480276126,1,f,1,change,1.8314862105653447,0.1330224674982266,0,0,0,0.38747689893716597,0,0,10.156536197384412
21,22,female,51,165,135,left,same,catch,clock,3,2.609535759260325,1,f,0,change,1.03035356091641,0,0,0,0,0.3874692012577725,0,0,8.497496970641805
21,22,female,52,105,105,right,same,valid,clock,2,1.904408911093924,1,j,1,same,1.5563489512860542,0.13188367984465288,0,0,0,0.3874919735644653,0,0,7.073162932330888
21,22,female,53,135,165,left,same,catch,anti,1,1.3535429540243058,0,f,0,change,1.1328972596893436,0,0,0,0,0.3875131421882543,0,0,7.03198739376603
21,22,female,54,105,155,left,change,valid,clock,2,2.2002564610811532,1,j,0,same,0.9824358157711686,0.13073867138021933,0,0,0,0.38749293577348,0,0,6.319735379376652
21,22,female,55,45,135,left,same,catch,clock,1,1.217367444325646,0,j,1,same,1.2669395494704077,0,0,0,0,0.38745027779077645,0,0,7.453001807029068
21,22,female,56,75,25,right,change,valid,anti,1,0.8639024293261173,0,j,0,same,1.6233713791225455,0.12958205430774505,0,0,0,0.3875160288189363,0,0,5.414336674766673
21,22,female,57,45,355,right,change,valid,anti,1,0.7853684398905898,0,f,1,change,1.8794841398885183,0.13266782216083095,0,0,0,0.3874605413657264,0,0,5.7193236175771744
21,22,female,58,105,55,right,change,valid,anti,1,1.9933989175769966,0,f,1,change,1.383468972893752,0.1355067668116739,0,0,0,0.387439693477063,0,0,6.36907976144721
21,22,female,1,15,65,right,change,valid,clock,3,2.9203989195011673,1,f,1,change,0.9974645762340515,0.1385041790084126,0,0,0,0.3874643902054231,0,0,6.889393300836673
21,22,female,2,105,105,left,same,valid,anti,3,2.7774433562917693,1,j,1,same,1.0808974983192456,0.13746025275882834,0,0,0,0.38746727683610516,0,0,7.200073641150084
21,22,female,3,45,325,right,change,catch,clock,4,2.905441041853919,1,j,0,same,0.6908434798424423,0,0,0,0,0.3874467496862053,0,0,8.278950177398656
21,22,female,4,105,105,right,same,valid,clock,2,2.1120901064896316,1,j,1,same,0.8497050184378168,0.1364549931611057,0,0,0,0.38743680684638093,0,0,6.274121165351971
21,22,female,5,135,75,left,change,catch,anti,2,2.5374046369543066,1,f,1,change,1.1653914174712554,0,0,0,0,0.38741082717388053,0,0,8.450601734159136
21,22,female,6,135,135,left,same,valid,clock,2,5.520382177044667,1,j,1,same,0.8034326526649238,0.1354794351679105,0,0,0,0.38745059852954,0,0,9.849325907638558
21,22,female,7,135,135,right,same,valid,clock,3,2.4974389172966767,1,j,1,same,0.7829590656583605,0.13452536000496323,0,0,0,0.3874352031634771,0,0,6.356372814101633
21,22,female,8,105,55,left,change,valid,anti,3,3.185413086441258,1,j,0,same,0.8192340678833716,0.13351988735712766,0,0,0,0.3874361653761298,0,0,7.325975632989866
21,22,female,9,165,165,left,same,valid,anti,4,2.3854017323646985,1,j,1,same,0.7859403134607419,0.13252016066528854,0,0,0,0.38745348515658407,0,0,6.248456454537518
21,22,female,10,75,125,right,change,valid,clock,2,4.537373525494331,1,j,0,same,2.657118976003403,0.13151784251126974,0,0,0,0.38744386305552325,0,0,10.55921152650626
21,22,female,11,45,45,left,same,valid,clock,1,1.5934482468874194,0,f,0,change,1.4445946561427263,0.130504820199703,0,0,0,0.3875185947108548,0,0,5.980397533920041
21,22,female,12,165,165,right,same,valid,clock,2,4.297465346000536,1,j,1,same,0.7718214830747456,0.1331880826921576,0,0,0,0.3875243679722189,0,0,8.388525708011002
21,22,female,13,45,95,left,change,valid,clock,2,2.0975026797532337,1,j,0,same,0.9193924476785469,0.13222599974124516,0,0,0,0.3874233359056234,0,0,6.050084642418369
21,22,female,14,105,105,left,same,valid,clock,2,0.8414736312734021,1,j,1,same,0.7895877314367681,0.13125850561519486,0,0,0,0.38746984273166163,0,0,4.940463887931401
21,22,female,15,45,45,right,same,valid,clock,3,8.465341510836879,1,j,1,same,1.1134015989373438,0.13027810645285498,0,0,0,0.3875760065857321,0,0,12.441451757025789
21,22,female,16,165,165,right,same,valid,anti,1,1.8569966470167856,0,j,1,same,4.341205495373288,0.12929486103256949,0,0,0,0.38740184654670884,0,0,9.318874842756486
21,22,female,17,75,75,right,same,valid,anti,2,2.081370584979595,1,f,0,change,1.3509404962824192,0.1319525771542986,0,0,0,0.3874329580066842,0,0,6.5727110142943275
21,22,female,18,45,45,right,same,valid,anti,2,2.3774288589920616,1,j,1,same,1.8716321842621255,0.13101655134449464,0,0,0,0.38748170998951537,0,0,7.27584384227157
21,22,female,19,15,325,left,change,valid,anti,2,3.537387637908978,1,f,1,change,1.1608244473245577,0.1300657458019654,0,0,0,0.38752725460290094,0,0,7.636990180966677
21,22,female,20,15,325,right,change,valid,anti,3,3.0574211741404724,1,f,1,change,1.3118163897743216,0.12912207628539568,0,0,0,0.38746182430986664,0,0,7.710732684547111
21,22,female,21,135,185,right,change,valid,clock,2,3.6894149184918206,1,f,1,change,1.0910164210763469,0.12822113529588458,0,0,0,0.38751763249820215,0,0,8.243861901031778
21,22,female,22,165,165,left,same,valid,clock,4,2.769475935445371,1,j,1,same,0.7409152927903051,0.12735584545308343,0,0,0,0.38744065568971564,0,0,6.813805598907493
21,22,female,23,75,25,left,change,valid,anti,1,1.4014048909775738,0,f,1,change,1.3441982897020353,0.12651945016228955,0,0,0,0.38744707042133086,0,0,5.490937263257365
21,22,female,24,45,135,left,same,catch,clock,1,1.353520181717613,0,f,0,change,1.0095210695180867,0,0,0,0,0.38750544450522284,0,0,7.110033221906633
21,22,female,25,75,125,left,change,valid,clock,2,1.9042267326367437,1,j,0,same,0.9086817656680068,0.12896190566010696,0,0,0,0.3874579754701699,0,0,5.93951899755848
21,22,female,26,15,15,right,same,valid,anti,4,2.233509481939109,1,j,1,same,0.5403781870809325,0.12809731005887626,0,0,0,0.3875105762926978,0,0,5.554440567808342
21,22,female,27,15,65,left,change,valid,clock,2,2.8974206994498672,1,f,1,change,1.2396272141268128,0.12726580666123394,0,0,0,0.38747561598938773,0,0,7.271568742537056
21,22,female,28,135,185,left,change,valid,clock,2,2.6574814084960963,1,f,1,change,0.9746951557826833,0.12646116303407218,0,0,0,0.3874217322227196,0,0,6.808476237576542
21,22,female,29,165,115,right,change,valid,anti,2,2.3773938986887515,1,f,1,change,0.7935225295113923,0.1256776469779451,0,0,0,0.3874339202156989,0,0,6.285654537045048
21,22,female,30,15,15,left,same,valid,clock,3,2.161484523490799,1,j,1,same,0.8778875125026389,0.12490993490028007,0,0,0,0.3875015956655261,0,0,6.197813409489754
21,22,female,31,45,355,left,change,valid,anti,2,3.377315638928849,1,f,1,change,0.7657579553924734,0.12410073894332191,0,0,0,0.3874942187212582,0,0,7.539281267501792
21,22,female,32,165,135,left,same,catch,clock,1,2.1212974954978563,0,j,1,same,3.0704844599858916,0,0,0,0,0.3875163495540619,0,0,9.652134406645928
21,22,female,33,75,75,left,same,valid,clock,1,1.977997140311345,0,f,0,change,0.9850549518232583,0.12329724136016301,0,0,0,0.3875545172231796,0,0,6.529499439031497
21,22,female,34,105,155,right,change,valid,clock,2,2.137473210466851,1,f,1,change,0.9074741919212101,0.12538644103442648,0,0,0,0.3875394425995182,0,0,6.5183483855071245
21,22,female,35,75,25,right,same,catch,clock,1,1.0253949712350732,0,f,0,change,1.435003986760421,0,0,0,0,0.38754008406976936,0,0,7.250349121917679
21,22,female,36,105,155,left,change,valid,clock,2,1.9524155003055057,1,j,0,same,1.145945791646227,0.12464736752040173,0,0,0,0.3874919735608273,0,0,6.125657590459014
21,22,female,37,105,55,right,change,valid,anti,3,2.3454090708219155,1,f,1,change,0.9091227786557283,0.12386619185237757,0,0,0,0.3874983882997185,0,0,6.513653120673553
21,22,female,38,165,215,left,change,valid,clock,3,2.0254668162560847,1,f,1,change,0.8452224020475114,0.12308863751375998,0,0,0,0.38750512377009727,0,0,6.286178941580147
21,22,female,39,15,15,left,same,valid,anti,4,1.3774541971943108,1,j,1,same,0.7417312470024626,0.12230955985005049,0,0,0,0.3875121799756016,0,0,5.430915555796673
21,22,female,40,75,75,right,same,valid,clock,2,1.6174374290749256,1,j,1,same,1.5043411714941612,0.12152392293755238,0,0,0,0.38745284368269495,0,0,6.200906915149972
21,22,female,41,45,45,left,same,valid,anti,2,2.817416452893667,1,j,1,same,0.9574616511126806,0.12072673420351299,0,0,0,0.3874887661950197,0,0,7.238578084314213
21,22,female,42,15,15,right,same,valid,clock,4,2.905448418798187,1,j,1,same,0.6560849208181025,0.11991282974382605,0,0,0,0.3874329580066842,0,0,6.41473567124558
21,22,female,43,135,135,right,same,valid,anti,1,1.697475673725421,0,f,0,change,1.0204107226127235,0.11911024214612526,0,0,0,0.38744129716360476,0,0,5.657972456414427
21,22,female,44,75,75,left,same,valid,anti,1,2.353388038187404,0,j,1,same,2.5862797812078497,0.12132012424834743,0,0,0,0.3874384105329227,0,0,8.32973915765615
21,22,female,45,165,85,right,change,catch,clock,1,1.3854841616994236,0,j,0,same,0.9461114200857992,0,0,0,0,0.38742526032365276,0,0,6.954064728517551
21,22,female,46,135,115,left,change,catch,clock,1,0.8722143214072275,0,f,1,change,1.3520431891229236,0,0,0,0,0.3875391218607547,0,0,7.235099373854609
21,22,female,47,135,165,left,same,catch,anti,3,5.088411718181305,1,j,1,same,0.8140532076540694,0,0,0,0,0.38755708311509807,0,0,10.947020708688797
21,22,female,48,75,25,right,change,valid,anti,2,2.2962305096334603,1,f,1,change,0.8625386567910027,0.12334413138384837,0,0,0,0.3875275753416645,0,0,6.302322903615277
21,22,female,49,45,355,right,change,valid,anti,2,2.121402055665385,1,j,0,same,1.9486330521758646,0.12261143314252348,0,0,0,0.38747305009746924,0,0,7.326458983225166
21,22,female,50,135,135,left,same,valid,anti,3,2.441395948837453,1,j,1,same,1.5628416246981942,0.12187381896422256,0,0,0,0.38747369157135836,0,0,7.0165917104968685
21,22,female,51,45,165,right,same,catch,anti,1,1.3853892236329557,0,j,1,same,1.340159893668897,0,0,0,0,0.3874627865225193,0,0,7.328203470242443
21,22,female,52,45,135,right,same,catch,clock,2,3.048390831805591,1,j,1,same,1.971249801943486,0,0,0,0,0.3874201285398158,0,0,9.433815015738219
21,22,female,53,165,115,left,change,valid,anti,2,2.1603824721241836,1,f,1,change,2.873003975211759,0.12112683007541142,0,0,0,0.38749710535194026,0,0,7.8222820289302035
21,22,female,54,165,215,right,change,valid,clock,1,5.305421861798095,0,f,1,change,1.0879848176082305,0.12036600304719774,0,0,0,0.3874547681007243,0,0,9.813175671988574
21,22,female,55,135,85,right,change,valid,anti,1,2.345466482693155,0,j,0,same,1.6898062172876962,0.1223924213585228,0,0,0,0.38745508883948787,0,0,7.4395032814572915
21,22,female,56,105,105,right,same,valid,anti,1,1.1293781364038296,0,j,1,same,2.2983335803000955,0.12426339292235622,0,0,0,0.387434561693226,0,0,6.317007513578574
21,22,female,57,135,85,left,change,valid,anti,2,1.7373554359401169,1,j,0,same,2.6401109492435353,0.1260630360532516,0,0,0,0.38743905200317386,0,0,7.685862759324664
21,22,female,58,45,95,right,change,valid,clock,3,2.001539856988529,1,j,0,same,1.0107619998852897,0.12541388507863865,0,0,0,0.38753751817785087,0,0,5.921262022013252
21,22,female,1,45,135,right,same,catch,clock,2,1.920148103388783,1,f,0,change,3.24628250105161,0,0,0,0,0.38752629239388625,0,0,9.882738655382127
21,22,female,2,75,25,left,change,valid,anti,2,1.8324878713428916,1,f,1,change,1.0564794911333593,0.12477520427357092,0,0,0,0.3874297506372386,0,0,5.7527491947912495
21,22,female,3,45,45,left,same,valid,anti,3,2.1694801691664907,1,j,1,same,1.0719948091973492,0.12409978804934624,0,0,0,0.38746631462709047,0,0,6.5301248756331916
21,22,female,4,15,325,right,change,valid,anti,1,1.265442350460944,0,f,1,change,1.1636446852971858,0.12342770108700385,0,0,0,0.3875237264983298,0,0,5.448160606985766
21,22,female,5,135,185,right,change,valid,clock,1,0.9775400904873095,0,f,1,change,1.0700524276253418,0.1251771017555542,0,0,0,0.38743905200681183,0,0,5.578617060244142
21,22,female,6,165,165,left,same,valid,anti,1,1.1295131665610825,0,j,1,same,1.078464389564033,0.1270339890052518,0,0,0,0.38743744832027005,0,0,5.535328187434061
21,22,female,7,45,165,right,same,catch,anti,1,1.3374079726163473,0,j,1,same,0.8770545592378767,0,0,0,0,0.38749486019514734,0,0,7.250529055218067
21,22,female,8,45,355,left,change,valid,anti,2,2.544282194430707,1,j,0,same,1.0931233405899548,0.12894056790293418,0,0,0,0.387516991027951,0,0,6.733588062434137
21,22,female,9,165,165,left,same,valid,clock,4,2.1294371519579727,1,j,1,same,0.7898186618731415,0.1282608053064606,0,0,0,0.3875519513276231,0,0,5.9445054913339845
21,22,female,10,165,165,right,same,valid,clock,4,1.5614493065986608,1,j,1,same,0.6335666372215201,0.127606046885534,0,0,0,0.3874938979824947,0,0,5.511963158896833
21,22,female,11,15,15,right,same,valid,anti,2,3.4334249998901214,1,j,1,same,1.754578356303682,0.12697236719906912,0,0,0,0.3874993505050952,0,0,8.275969891801651
21,22,female,12,45,45,right,same,valid,anti,2,2.3292182812219835,1,j,1,same,1.7348382941672753,0.1263561299021982,0,0,0,0.3875291790209303,0,0,7.278696153916826
21,22,female,13,135,135,right,same,valid,anti,2,2.465321945895994,1,j,1,same,1.5174352480680682,0.1257539422505583,0,0,0,0.38739703549435944,0,0,6.935953367446928
21,22,female,14,135,135,left,same,valid,anti,2,1.617439994970482,1,f,0,change,0.958447595789039,0.125162614605897,0,0,0,0.38745284368269495,0,0,5.704453301052126
21,22,female,15,105,155,left,change,valid,clock,1,1.1853739565631258,0,f,1,change,1.388038508936006,0.12457912412004174,0,0,0,0.3874701634667872,0,0,5.2721184852744045
21,22,female,16,135,85,right,change,valid,anti,1,0.6646829100573086,0,f,1,change,0.9990105272190704,0.12618824185468924,0,0,0,0.3874441837942868,0,0,5.166907539944077
21,22,female,17,15,325,left,change,valid,anti,1,0.8253890055275406,0,f,1,change,1.6094558958138805,0.1279401714884632,0,0,0,0.387484917355323,0,0,5.714238336888229
21,22,female,18,165,135,left,same,catch,clock,3,2.57740435470987,1,j,1,same,0.9041568120337615,0,0,0,0,0.38666575577735784,0,0,7.983600410800136
21,22,female,19,165,215,right,change,valid,clock,2,4.616460465029377,1,f,1,change,0.9167300121698645,0.12977938583180415,0,0,0,0.3874531644214585,0,0,8.910699841107999
21,22,female,20,105,55,left,change,valid,anti,2,1.321331044557155,1,j,0,same,1.0225917323041358,0.12911197922203294,0,0,0,0.38751025555757224,0,0,5.401902995105047
21,22,female,21,105,105,right,same,valid,clock,1,2.3855476675707905,0,j,1,same,1.0397828997265606,0.1284723793145,0,0,0,0.38748042704173713,0,0,7.018857394679799
21,22,female,22,15,15,left,same,valid,clock,1,0.769378110744583,0,f,0,change,1.2606803723901976,0.1303129557677376,0,0,0,0.387434561689588,0,0,4.901460378430784
21,22,female,23,165,215,left,change,valid,clock,1,1.177452080330113,0,f,1,change,1.4368806173042685,0.13206933734238285,0,0,0,0.3875307827074721,0,0,5.73731951343143
21,22,female,24,45,325,right,change,catch,clock,1,0.48143704162794165,0,f,1,change,1.1427602345502237,0,0,0,0,0.3874335994805733,0,0,6.4394105885476165
21,22,female,25,75,75,left,same,valid,anti,1,0.7441980331132072,0,f,0,change,0.8559382158455264,0.13368619498430023,0,0,0,0.38747144641456543,0,0,4.895447847888136
21,22,female,26,135,135,right,same,valid,clock,2,1.7534458349437045,1,j,1,same,0.952634884222789,0.13522724813651382,0,0,0,0.3874602206306008,0,0,5.555296293376159
21,22,female,27,15,65,right,change,valid,clock,2,2.913482552885398,1,f,1,change,0.7468126788480731,0.13467988444067064,0,0,0,0.3875185947108548,0,0,6.424637134510704
21,22,female,28,135,135,left,same,valid,clock,2,3.153301567570452,1,f,0,change,2.65325057042719,0.1340997746710748,0,0,0,0.38746631462709047,0,0,8.779912387559307
21,22,female,29,15,15,left,same,valid,anti,3,2.473341326094669,1,j,1,same,3.0668412115883257,0.13352173890999663,0,0,0,0.38747112567943987,0,0,8.716207339610264
21,22,female,30,75,75,right,same,valid,clock,2,2.5694362923859444,1,f,0,change,1.2517933993658517,0.1329428459032902,0,0,0,0.3874647109405487,0,0,7.058242901613994
21,22,female,31,45,95,left,change,valid,clock,2,3.377433670040773,1,f,1,change,0.7516785756197351,0.13236021364893902,0,0,0,0.38742269443537225,0,0,7.1417733276648505
21,22,female,32,75,75,left,same,valid,clock,3,1.7773320606502239,1,j,1,same,1.2316084754020267,0.13177098126914238,0,0,0,0.38745220220880583,0,0,6.139690142670588
21,22,female,33,75,25,right,same,catch,clock,3,3.625361229729606,1,j,1,same,3.1796292411818285,0,0,0,0,0.3874239773795125,0,0,11.742413454008783
21,22,female,34,135,185,left,change,valid,clock,3,2.264429784638196,1,f,1,change,0.8191865988519567,0.13117228198425696,0,0,0,0.3874791440939589,0,0,5.875341183687851
21,22,female,35,75,75,right,same,valid,anti,3,1.4095041346190555,1,j,1,same,0.8379368674686702,0.13056121677397647,0,0,0,0.387466635365854,0,0,5.608212720289885
21,22,female,36,45,95,right,change,valid,clock,1,1.40945570337135,0,j,0,same,0.9316609479283215,0.12993470623024428,0,0,0,0.387439693477063,0,0,5.134934579331457
21,22,female,37,75,25,right,change,valid,anti,2,2.0893681550769543,1,j,0,same,1.986660880575073,0.13161163287889144,0,0,0,0.38735983003425645,0,0,6.913438611954916
21,22,female,38,45,135,left,same,catch,clock,2,4.521287296069204,1,f,0,change,2.3250586467111134,0,0,0,0,0.38746631462709047,0,0,11.289945032141986
21,22,female,39,135,115,left,change,catch,clock,3,1.9024322106888576,1,j,0,same,0.8395761528408912,0,0,0,0,0.3875025578745408,0,0,7.343723599358782
21,22,female,40,105,105,left,same,valid,clock,2,2.7683402067232237,1,j,1,same,0.7877197607813287,0.13102283989234914,0,0,0,0.38753110344259767,0,0,6.956150479403732
21,22,female,41,75,125,left,change,valid,clock,3,3.7374045086580736,1,j,0,same,0.7043936440240941,0.13042108771815963,0,0,0,0.38743584463736624,0,0,7.405271051393356
21,22,female,42,135,165,left,same,catch,anti,1,1.4014385683367436,0,j,1,same,0.9164734227924782,0,0,0,0,0.3874675975712307,0,0,6.844810576098098
21,22,female,43,165,85,right,change,catch,clock,1,0.9924989303399343,0,f,1,change,1.061993276074645,0,0,0,0,0.3875189154459804,0,0,6.688468745167484
21,22,female,44,15,15,right,same,valid,clock,3,1.6723334430243995,1,j,1,same,0.7588589085571584,0.1298046861930348,0,0,0,0.3874977468221914,0,0,5.921750183300901
21,22,female,45,45,355,right,change,valid,anti,2,2.0654822501091985,1,f,1,change,0.9740870389650809,0.1292028487844774,0,0,0,0.38760583509792923,0,0,5.743948179209838
21,22,female,46,165,115,left,change,valid,anti,2,2.217468155653478,1,f,1,change,0.7578944532433525,0.12862582280512846,0,0,0,0.38744771189522,0,0,6.314354058697063
21,22,female,47,45,45,right,same,valid,clock,4,2.0334133892174577,1,j,1,same,0.747721005242056,0.12807050170626927,0,0,0,0.38743808979415917,0,0,5.8175832359920605
21,22,female,48,135,75,left,change,catch,anti,2,2.241417245753837,1,f,1,change,0.6989244414835412,0,0,0,0,0.38748042704173713,0,0,7.780845089939248
21,22,female,49,105,105,right,same,valid,anti,2,1.8885042186484498,1,f,0,change,0.7998416843583982,0.127534015669097,0,0,0,0.3874910113554506,0,0,5.6844762144828564
21,22,female,50,135,85,left,change,valid,anti,2,2.017519281089335,1,j,0,same,1.0042702886821644,0.1270136999970891,0,0,0,0.38747272936234367,0,0,5.988799873757671
21,22,female,51,165,115,right,change,valid,anti,2,0.8734113108475867,1,f,1,change,1.1601650126285676,0.12650706692824804,0,0,0,0.38750801039714133,0,0,4.804979886601359
21,22,female,52,45,45,left,same,valid,clock,4,1.953448272546666,1,j,1,same,0.7334742009006732,0.12601178037153193,0,0,0,0.38749069061668706,0,0,5.959291454099002
21,22,female,53,105,155,right,change,valid,clock,2,2.1293364406301407,1,j,0,same,4.558359649781778,0.1255256331383769,0,0,0,0.3873745839227922,0,0,9.501988888398046
21,22,female,54,165,165,right,same,valid,anti,4,2.001452616601455,1,j,1,same,0.9690399259488913,0.12504652629629032,0,0,0,0.38753944259588025,0,0,6.009100262941502
21,22,female,55,105,105,left,same,valid,anti,1,1.2494545872068556,0,f,0,change,1.286100040346355,0.1245724503186843,0,0,0,0.38742461884976365,0,0,5.88135018612229
21,22,female,56,105,55,right,change,valid,anti,1,2.0734506331646116,0,f,1,change,0.9051183807168854,0.12588245788175806,0,0,0,0.3874919735644653,0,0,6.3745502469355415
21,22,female,57,15,65,left,change,valid,clock,2,2.609451084765169,1,f,1,change,1.0619855783916137,0.12730445632015147,0,0,0,0.3874759367281513,0,0,6.937235031378805
21,22,female,58,75,125,right,change,valid,clock,1,2.353498371619935,0,f,1,change,1.2171358724117454,0.126811732067457,0,0,0,0.38745444736923673,0,0,6.785879694220057
21,22,female,1,45,45,right,same,valid,clock,3,2.4402874827355845,1,j,1,same,1.132327310540859,0.12825452821542488,0,0,0,0.38750929334855755,0,0,6.577458879950427
21,22,female,2,135,85,right,change,valid,anti,2,1.9454510231807944,1,f,1,change,1.1113918626542727,0.12774397697278617,0,0,0,0.38745444736923673,0,0,5.960356300005515
21,22,female,3,45,355,right,change,valid,anti,2,4.5374521059893596,1,f,1,change,1.108834628790646,0.1272493696599326,0,0,0,0.38752148134153686,0,0,8.855891388284363
21,22,female,4,165,165,left,same,valid,anti,3,2.289403949296684,1,j,1,same,3.173371988523286,0.12676843746939798,0,0,0,0.38743648611125536,0,0,8.457465499952377
21,22,female,5,135,85,left,change,valid,anti,2,4.233371885886299,1,f,1,change,0.8762360391301627,0.12629905138229758,0,0,0,0.38742141148395604,0,0,7.7373214378494595
21,22,female,6,135,185,right,change,valid,clock,3,1.6974131300630688,1,f,1,change,0.8247565127203416,0.12583920236983503,0,0,0,0.38746920125413453,0,0,5.814065716385812
21,22,female,7,15,65,right,change,valid,clock,3,2.5133708723587915,1,f,1,change,2.9911293845507316,0.1253869834313689,0,0,0,0.3875006334565114,0,0,8.225819819090248
21,22,female,8,165,85,right,change,catch,clock,1,1.7454671883133415,0,f,1,change,1.1411289675925218,0,0,0,0,0.3875031993484299,0,0,7.624782299953949
21,22,female,9,165,115,right,change,valid,anti,1,0.4484896828616911,0,f,1,change,0.5010719021192926,0.12494057319957436,0,0,0,0.38754842322305194,0,0,3.9015290160859877
21,22,female,10,15,15,right,same,valid,clock,1,0.4334436026183539,0,j,1,same,1.6856982213867013,0.12617050018177128,0,0,0,0.387522122815426,0,0,5.160184577565815
21,22,female,11,135,135,left,same,valid,clock,2,2.3053987687562767,1,j,1,same,2.1574907098620315,0.127516375243778,0,0,0,0.38742044927494135,0,0,7.29916653356122
21,22,female,12,75,125,left,change,valid,clock,3,2.9374104743619682,1,j,0,same,0.7068629960267572,0.12704714675571477,0,0,0,0.3874275054804457,0,0,6.613412183247419
21,22,female,13,45,135,left,same,catch,clock,3,1.657405714628112,1,j,1,same,3.054190393166209,0,0,0,0,0.3874589376828226,0,0,9.23086244179649
21,22,female,14,105,155,right,change,valid,clock,1,2.439912862246274,0,f,1,change,4.142058141867892,0.12659007045302179,0,0,0,0.387471767149691,0,0,9.568702446769748
21,22,female,15,165,165,left,same,valid,clock,2,2.689425502801896,1,j,1,same,1.9562229659022705,0.127931365483192,0,0,0,0.3874605413657264,0,0,7.50862557259461
21,22,female,16,15,325,right,change,valid,anti,2,0.8974078699829988,1,j,0,same,1.132763512479869,0.12745928803190593,0,0,0,0.38746663536221604,0,0,4.923761523266876
21,22,female,17,45,355,left,change,valid,anti,2,3.1054165375717275,1,j,0,same,1.6081476107356139,0.12700082493396553,0,0,0,0.38749229429959087,0,0,7.927723583961779
21,22,female,18,75,75,right,same,valid,anti,2,0.7455476932300371,1,j,1,same,0.7565367747083656,0.1265540219843458,0,0,0,0.3874361653761298,0,0,4.730480123624147
21,22,female,19,105,155,left,change,valid,clock,2,2.8571730522126018,1,j,0,same,0.8626695173770713,0.12611703693647297,0,0,0,0.3875218020803004,0,0,6.562592733003839
21,22,female,20,75,25,right,same,catch,clock,2,2.849349642154266,1,f,0,change,0.9585819844724028,0,0,0,0,0.38745605105214054,0,0,8.279266423804074
21,22,female,21,165,165,right,same,valid,clock,2,1.055588163788343,1,j,1,same,1.0765264983056113,0.12568812372098548,0,0,0,0.3874961431429256,0,0,5.323828300650348
21,22,female,22,165,115,left,change,valid,anti,4,5.5052039532711206,1,j,0,same,5.170721420272457,0.12526561804177383,0,0,0,0.3874329580066842,0,0,14.018616842138726
21,22,female,23,165,215,left,change,valid,clock,2,1.897345005585521,1,f,1,change,1.2525711859125295,0.12484792415029405,0,0,0,0.38745123999979114,0,0,6.3853988457340165
21,22,female,24,15,325,left,change,valid,anti,2,1.7133970444774604,1,f,1,change,1.9687801292056974,0.12440481747172272,0,0,0,0.38743905200681183,0,0,6.819577576909069
21,22,female,25,165,165,right,same,valid,anti,3,2.0414003750047414,1,j,1,same,0.742836185003398,0.12396334216036625,0,0,0,0.38744803263398353,0,0,6.0963137087383075
21,22,female,26,45,325,right,change,catch,clock,3,1.5614480236545205,1,j,0,same,0.6559861339083,0,0,0,0,0.3875189154459804,0,0,6.907272127784381
21,22,female,27,105,105,left,same,valid,clock,2,1.6084362737856281,1,f,0,change,1.1291067931379075,0.12352171865615835,0,0,0,0.38748844545989414,0,0,6.211946993764286
21,22,female,28,45,45,left,same,valid,anti,1,1.265259209794749,0,f,0,change,1.6612609699986933,0.1230781930575931,0,0,0,0.38743584463736624,0,0,6.208873373783717
21,22,female,29,165,215,right,change,valid,clock,1,1.7133854979547323,0,j,0,same,2.2977738947265607,0.12424114223691501,0,0,0,0.38748106851562625,0,0,7.39966553575141
21,22,female,30,45,45,right,same,valid,anti,2,1.3854694078108878,1,j,1,same,0.9677011708809005,0.12536766537288918,0,0,0,0.3874419386338559,0,0,5.492026164418348
21,22,female,31,75,75,left,same,valid,anti,1,2.0174224185975618,0,j,1,same,1.220389746431465,0.1249643278325489,0,0,0,0.38744546674206504,0,0,6.06357547031439
21,22,female,32,45,95,left,change,valid,clock,3,1.6575250286878145,1,j,0,same,1.0077980718597246,0.12607614648697535,0,0,0,0.38744771189522,0,0,5.601338049444166
21,22,female,33,135,135,right,same,valid,clock,3,4.624959988093906,1,j,1,same,2.712705856847606,0.12567101407011277,0,0,0,0.3874871625121159,0,0,10.85597189319742
21,22,female,34,165,135,left,same,catch,clock,3,1.9694142256994382,1,j,1,same,0.9167752360444865,0,0,0,0,0.3874457874771906,0,0,7.2193236175735365
21,22,female,35,135,75,left,change,catch,anti,1,2.121514313519583,0,f,1,change,1.9846588419750333,0,0,0,0,0.3875080104007793,0,0,9.153221383388882
21,22,female,36,75,25,right,change,valid,anti,1,1.0958672432207095,0,f,1,change,1.6730438748600136,0.12527174151772907,0,0,0,0.3874871625157539,0,0,6.237502654097625
21,22,female,37,135,135,left,same,valid,anti,3,2.513322441111086,1,j,1,same,2.445020273768023,0.12645694728703727,0,0,0,0.3874945394563838,0,0,8.42057789059254
21,22,female,38,135,165,left,same,catch,anti,3,0.7454716786269273,1,j,1,same,0.8053638084529666,0,0,0,0,0.3874249395885272,0,0,6.158471843486041
21,22,female,39,45,45,left,same,valid,clock,3,2.5123486844349827,1,f,0,change,0.9152113238014863,0.12605298158293127,0,0,0,0.3875137836621434,0,0,6.431774167995172
21,22,female,40,135,115,left,change,catch,clock,3,1.121461071223166,1,f,1,change,1.2488076612462464,0,0,0,0,0.38745123999979114,0,0,6.9541927024692995
21,22,female,41,75,75,right,same,valid,clock,3,0.9043903083620535,1,j,1,same,4.1518829490596545,0.12565609900133812,0,0,0,0.38750704818812665,0,0,7.796241735413787
21,22,female,42,105,55,left,change,valid,anti,3,0.8734186877882166,1,j,0,same,1.0883498159928422,0.1252648619171518,0,0,0,0.3874595791567117,0,0,5.058287163283239
21,22,female,43,105,105,right,same,valid,clock,1,0.913437329007138,0,f,0,change,1.3136564563319553,0.12487788856136611,0,0,0,0.38750865187103045,0,0,5.394899388098565
21,22,female,44,45,165,right,same,catch,anti,1,0.5373501117137494,0,j,1,same,3.3048487052838027,0,0,0,0,0.3874708049406763,0,0,8.51338241888152
21,22,female,45,135,135,right,same,valid,anti,1,0.5923596664579236,0,j,1,same,2.0090085322372033,0.12594578007439428,0,0,0,0.3874355239022407,0,0,6.077066618938261
21,22,female,46,45,95,right,change,valid,clock,1,1.2574601757260098,0,j,0,same,1.4735741809527099,0.12711088392767783,0,0,0,0.3874775404110551,0,0,5.678288561695808
21,22,female,47,45,135,right,same,catch,clock,2,2.017068325261789,1,j,1,same,1.8561284127208637,0,0,0,0,0.38745444736923673,0,0,8.591130603352212
21,22,female,48,15,15,left,same,valid,anti,3,1.5202224501590536,1,j,1,same,0.8309653341348167,0.1283224635679689,0,0,0,0.3875439329094661,0,0,5.3864325801769155
21,22,female,49,105,55,right,change,valid,anti,3,1.9453438971177093,1,f,1,change,2.257479740663257,0.12789141699691287,0,0,0,0.3874313543201424,0,0,7.218893830373418
21,22,female,50,15,65,left,change,valid,clock,3,3.5773514331485785,1,f,1,change,1.2830386083624035,0.12747385342216128,0,0,0,0.38749486019514734,0,0,7.882497461367166
21,22,female,51,15,15,left,same,valid,clock,4,1.8254457759285287,1,j,1,same,0.8145128233736614,0.12706812082941438,0,0,0,0.38744065568971564,0,0,5.827443644953746
21,22,female,52,105,105,left,same,valid,anti,4,0.9853801788558485,1,j,1,same,1.1547936347888026,0.1266726646745998,0,0,0,0.38754970617446816,0,0,5.119459032619488
21,22,female,53,75,25,left,change,valid,anti,2,2.2574069334295928,1,f,1,change,1.21937942576551,0.12628601567431713,0,0,0,0.38752468871098245,0,0,6.7376752104501065
21,22,female,54,105,105,right,same,valid,anti,2,2.0013887899949623,1,f,0,change,1.1971892558321997,0.12590677865944178,0,0,0,0.38754329143921495,0,0,5.90099306502816
21,22,female,55,15,15,right,same,valid,anti,2,1.1534596907731611,1,j,1,same,1.3069373428006656,0.12553362235173926,0,0,0,0.38740409170350176,0,0,5.226211117889761
21,22,female,56,75,125,right,change,valid,clock,3,1.7374343371739087,1,j,0,same,0.9366371781325142,0.12516526993890376,0,0,0,0.38753751817785087,0,0,6.183916528909322
21,22,female,57,135,185,left,change,valid,clock,3,2.4654521650045353,1,j,0,same,0.9576034167439502,0.12480049033680923,0,0,0,0.38744386305552325,0,0,6.412978354761435
21,22,female,58,75,75,left,same,valid,clock,1,3.4013227823779744,0,f,0,change,1.7972247934594634,0.12441298106792359,0,0,0,0.387413393065799,0,0,8.384150538418908
21,22,female,1,165,215,left,change,valid,clock,3,2.024281052606966,1,f,1,change,1.0486939280053775,0.1254179752026518,0,0,0,0.38758113837320707,0,0,5.87348187292082
21,22,female,2,165,135,left,same,catch,clock,2,6.977387740545964,1,f,0,change,1.2994760444926214,0,0,0,0,0.387471767149691,0,0,12.615984812477109
21,22,female,3,165,165,left,same,valid,clock,2,1.6325341857227613,1,j,1,same,1.0251101570247556,0.1250571157621994,0,0,0,0.38749325650860555,0,0,6.081201556728047
21,22,female,4,15,15,left,same,valid,anti,2,1.1772699018729327,1,j,1,same,4.325115737843589,0.12469938069160735,0,0,0,0.38754008407340734,0,0,9.019682970996655
21,22,female,5,105,105,right,same,valid,anti,3,4.129401229449286,1,j,1,same,0.891298797687341,0.12431893305581276,0,0,0,0.3874522022124438,0,0,8.297625714360038
21,22,female,6,45,45,right,same,valid,clock,3,1.5293785212852526,1,j,1,same,0.7786711364569783,0.12393916146458756,0,0,0,0.3874653524144378,0,0,5.637356462299067
21,22,female,7,15,65,right,change,valid,clock,3,3.1294175870207255,1,j,0,same,0.8919511761705508,0.1235587227227502,0,0,0,0.38749293577348,0,0,7.011856995042763
21,22,female,8,45,355,right,change,valid,anti,2,2.137517792871222,1,f,1,change,1.1143496966797102,0.12317628704662881,0,0,0,0.3874554095782514,0,0,6.159078998094628
21,22,female,9,75,25,right,same,catch,clock,3,1.281438452871953,1,f,0,change,0.7312627212231746,0,0,0,0,0.3874429008428706,0,0,6.657542989945796
21,22,female,10,135,115,left,change,catch,clock,1,3.256249715344893,0,f,1,change,3.370119589893875,0,0,0,0,0.38745861694405903,0,0,11.368431231803697
21,22,female,11,75,75,left,same,valid,anti,2,2.088295932222536,1,j,1,same,2.672905637333315,0.12279052941606872,0,0,0,0.38743424095446244,0,0,7.671125869273965
21,22,female,12,135,185,left,change,valid,clock,2,1.369394404173363,1,f,1,change,0.7938448699133005,0.12240012113902121,0,0,0,0.38749069061668706,0,0,5.601422082465433
21,22,female,13,165,215,right,change,valid,clock,2,0.7854460581766034,1,f,1,change,0.9128612858585257,0.12200372154351874,0,0,0,0.3874371275851445,0,0,4.655887667737261
21,22,female,14,165,85,right,change,catch,clock,2,1.1355346777345403,1,j,0,same,0.997876402179827,0,0,0,0,0.387500954191637,0,0,6.704332704048284
21,22,female,15,75,125,right,change,valid,clock,2,1.5361675554304384,1,j,0,same,0.5835317089949967,0.12159996971561815,0,0,0,0.3875285375470412,0,0,4.98456807347975
21,22,female,16,45,165,right,same,catch,anti,3,1.9214637654113176,1,j,1,same,0.6341465292134671,0,0,0,0,0.38754393291310407,0,0,7.031062389065482
21,22,female,17,15,15,right,same,valid,anti,3,3.344111049314961,1,j,1,same,0.8478890071310161,0.12118747620452924,0,0,0,0.38749325650860555,0,0,7.553842393823288
21,22,female,18,45,325,right,change,catch,clock,1,1.1774684379015525,0,j,0,same,0.9438175110699376,0,0,0,0,0.3874855588292121,0,0,6.59528318165394
21,22,female,19,135,185,right,change,valid,clock,1,0.6321454528188042,0,j,0,same,1.1744839827297255,0.12076481461772026,0,0,0,0.3874355239022407,0,0,5.233958513344987
21,22,female,20,15,15,left,same,valid,clock,2,1.977340592246037,1,f,0,change,0.8025163078600599,0.12189429907394611,0,0,0,0.38745123999979114,0,0,5.878439821131906
21,22,female,21,105,55,left,change,valid,anti,2,0.7774606760722236,1,j,0,same,1.2338517080170277,0.12149423901174267,0,0,0,0.38737971571390517,0,0,4.835742066097737
21,22,female,22,165,115,left,change,valid,anti,2,4.153505556121672,1,j,0,same,1.1386576911681914,0.12108514747374882,0,0,0,0.38743744832027005,0,0,8.510811393334734
21,22,female,23,15,65,left,change,valid,clock,2,0.6174884262145497,1,j,0,same,0.9102421498064359,0.12066562494572924,0,0,0,0.387500954191637,0,0,4.575576476141578
21,22,female,24,75,75,left,same,valid,clock,3,2.361299650845467,1,f,0,change,0.8762665091198869,0.12023422504370573,0,0,0,0.3874679183099943,0,0,6.291761684919038
21,22,female,25,135,135,left,same,valid,clock,3,1.0415264245384606,1,f,0,change,1.042969098300091,0.11979077389371834,0,0,0,0.38751185924047604,0,0,5.330708103283541
21,22,female,26,45,45,left,same,valid,clock,2,1.5533673827412713,1,j,1,same,1.5891959194595984,0.11935865945022156,0,0,0,0.38747786114618066,0,0,6.546937894465373
21,22,female,27,45,45,right,same,valid,anti,2,0.7930693285234156,1,j,1,same,1.8008978703692264,0.11894361545117454,0,0,0,0.3874541266304732,0,0,5.856798752465693
21,22,female,28,135,135,right,same,valid,clock,1,1.2333426988479914,0,f,0,change,4.040609117517306,0.1185440078823547,0,0,0,0.3874271847453201,0,0,8.301001468331378
21,22,female,29,15,325,left,change,valid,anti,1,4.56924705772326,0,f,1,change,2.971433584087208,0.11970173960132302,0,0,0,0.3874525229475694,0,0,10.696770052938518
21,22,female,30,45,135,left,same,catch,clock,2,1.4679558358366194,1,j,1,same,0.9950372407402028,0,0,0,0,0.3874605413657264,0,0,6.938442925864365
21,22,female,31,75,25,right,change,valid,anti,2,1.4563429214395,1,j,0,same,1.8134540714636387,0.12088704712861925,0,0,0,0.3874473911600944,0,0,6.250769928497903
21,22,female,32,105,105,left,same,valid,clock,2,0.7454687919962453,1,j,1,same,0.7860528920500656,0.12047319149149172,0,0,0,0.387522122815426,0,0,4.977228655130602
21,22,female,33,75,25,left,change,valid,anti,2,0.89740851145325,1,j,0,same,1.719653014188225,0.12004701833827813,0,0,0,0.38748427588143386,0,0,5.575796180793986
21,22,female,34,75,125,left,change,valid,clock,3,1.4734051527011616,1,j,0,same,0.9152382656866394,0.11961561595797515,0,0,0,0.3874765781984024,0,0,5.309738978041423
21,22,female,35,45,135,right,same,catch,clock,3,4.129273255493899,1,f,0,change,4.900678743044409,0,0,0,0,0.3875371974427253,0,0,13.552739700982784
21,22,female,36,105,155,left,change,valid,clock,2,2.088435452697013,1,j,0,same,0.8248944295119145,0.11920105396827368,0,0,0,0.387471767149691,0,0,6.214568374976807
21,22,female,37,135,85,left,change,valid,anti,1,0.713525018425571,0,f,1,change,1.4748462227798882,0.11880245711475301,0,0,0,0.38749293577348,0,0,5.4283628122466325
21,22,female,38,165,115,right,change,valid,anti,1,0.5134433588573302,0,f,1,change,0.9316214973150636,0.11995553792838565,0,0,0,0.38751410439726897,0,0,4.542348793485871
21,22,female,39,105,55,right,change,valid,anti,1,0.2974214050700539,0,f,1,change,1.363353969532909,0.12109444055874613,0,0,0,0.38750640671423753,0,0,4.961669716871256
21,22,female,40,45,95,right,change,valid,clock,1,0.4494384220779466,0,j,0,same,1.2177568186998542,0.12212840552214338,0,0,0,0.3875179532369657,0,0,4.5594681158836465
21,22,female,41,135,75,left,change,catch,anti,1,0.7053404588186822,0,j,0,same,2.497083541009488,0,0,0,0,0.38746471094418666,0,0,7.734027471742593
21,22,female,42,105,105,left,same,valid,anti,1,0.7202175108104711,0,j,1,same,1.2668333856126992,0.12308555032101037,0,0,0,0.38748170998951537,0,0,5.344010017248365
21,22,female,43,135,135,right,same,valid,anti,2,1.7054642631956085,1,f,0,change,0.7658185746331583,0.12398979012978206,0,0,0,0.38749261503471644,0,0,5.567575377939647
21,22,female,44,15,15,right,same,valid,clock,3,1.4334695822908543,1,j,1,same,0.5999948040625895,0.12365427703838983,0,0,0,0.3874159589613555,0,0,4.92499988774216
21,22,female,45,165,165,right,same,valid,clock,4,1.521452796216181,1,j,1,same,0.7993609000113793,0.12331696473406561,0,0,0,0.3874579754738079,0,0,5.169957104673813
21,22,female,46,135,135,left,same,valid,anti,4,1.5134173791848298,1,j,1,same,0.7320071511458082,0.12297679591892224,0,0,0,0.38745605105214054,0,0,5.036600229261239
21,22,female,47,15,325,right,change,valid,anti,3,1.7774747884905082,1,f,1,change,0.6759875964671664,0.12263270960890155,0,0,0,0.3875057652403484,0,0,5.365030781103997
21,22,female,48,45,45,left,same,valid,anti,3,1.1694439259190403,1,j,1,same,1.1812973928608699,0.12228363522659963,0,0,0,0.38742846769309836,0,0,5.244631669160299
21,22,female,49,165,165,right,same,valid,anti,2,1.9533523722639075,1,j,1,same,1.4271446541861224,0.12192848671468653,0,0,0,0.3874938979824947,0,0,6.826416325242462
21,22,female,50,135,165,left,same,catch,anti,3,1.8014719890998094,1,j,1,same,0.7751542583246191,0,0,0,0,0.38741499674870283,0,0,7.156691754695203
21,22,female,51,75,75,right,same,valid,anti,3,1.3604147382393421,1,j,1,same,1.7353264554549241,0.1215661566199176,0,0,0,0.3874675975712307,0,0,6.654507858373108
21,22,female,52,135,85,right,change,valid,anti,2,1.2814394150773296,1,j,0,same,2.1122440601175185,0.12119551009853646,0,0,0,0.3874297506408766,0,0,6.518502980605263
21,22,female,53,105,105,right,same,valid,clock,1,1.4732993095822167,0,j,1,same,0.8494622207435896,0.12081537879410537,0,0,0,0.3874217322227196,0,0,5.693531895019987
21,22,female,54,75,75,right,same,valid,clock,2,2.017393231555616,1,j,1,same,1.7478945238035521,0.12183179211993961,0,0,0,0.38743744832027005,0,0,6.750347518234776
21,22,female,55,105,155,right,change,valid,clock,2,2.03346278267054,1,f,1,change,0.8128655195832835,0.12147203951446361,0,0,0,0.3874881247211306,0,0,5.817608253451908
21,22,female,56,165,165,left,same,valid,anti,2,1.377460611929564,1,j,1,same,0.7599654502409976,0.12110374024112369,0,0,0,0.3874669561009796,0,0,5.573709146963665
21,22,female,57,45,95,left,change,valid,clock,3,1.577425523333659,1,j,0,same,0.7530503665693686,0.12072574341799025,0,0,0,0.38739767696824856,0,0,5.299381747900043
21,22,female,58,45,355,left,change,valid,anti,1,0.6330576280488458,0,f,1,change,1.9718543906601553,0.12033685745281791,0,0,0,0.3874669560973416,0,0,5.585636704083299
21,22,female,1,45,325,right,change,catch,clock,1,0.928059716046846,0,f,1,change,0.9256349464485538,0,0,0,0,0.3874733708362328,0,0,6.472137921919057
21,22,female,2,165,85,right,change,catch,clock,1,0.8223564398467715,0,f,1,change,0.9894419886695687,0,0,0,0,0.38738741339329863,0,0,6.67319077227512
21,22,female,3,45,45,left,same,valid,clock,4,1.703654025150172,1,j,1,same,0.5805847800183983,0.12137977056760574,0,0,0,0.3875388011256291,0,0,5.845619474104751
21,22,female,4,135,185,left,change,valid,clock,1,1.7054671498262906,0,f,1,change,1.052693514895509,0.12101365857149649,0,0,0,0.3875099348188087,0,0,5.794351633929182
21,22,female,5,75,75,left,same,valid,anti,2,1.5854991080304899,1,f,0,change,0.794918375711859,0.12199155299231051,0,0,0,0.38746406946665957,0,0,5.661340191967611
21,22,female,6,135,135,right,same,valid,anti,1,1.3854559368664923,0,j,1,same,1.1317746811728284,0.12164434836270244,0,0,0,0.3875083311359049,0,0,5.245219258831639
21,22,female,7,165,215,left,change,valid,clock,1,0.9454577586548112,0,f,1,change,1.3158980852640525,0.12256785187838581,0,0,0,0.3875291790209303,0,0,5.77045097507289
21,22,female,8,105,105,left,same,valid,clock,2,1.4414129478864197,1,j,1,same,0.869941581015155,0.12343063643991409,0,0,0,0.3874589376828226,0,0,5.669406399723812
21,22,female,9,75,25,left,change,valid,anti,2,3.409362368987786,1,f,1,change,1.4474607594675035,0.12311466194339582,0,0,0,0.38753527302105795,0,0,7.805470934516052
21,22,female,10,45,165,right,same,catch,anti,1,1.6734294003945251,0,f,0,change,0.956502006847586,0,0,0,0,0.38745348516022204,0,0,7.296274771299068
21,22,female,11,15,325,left,change,valid,anti,3,1.7113513856784266,1,j,0,same,0.8682105649386358,0.12279524551076942,0,0,0,0.3874772196759295,0,0,5.8454353712331795
21,22,female,12,135,85,left,change,valid,anti,1,1.129096208827832,0,j,0,same,1.2136982162555796,0.12247144681984656,0,0,0,0.38750768966201576,0,0,5.233178160906391
21,22,female,13,75,125,left,change,valid,clock,2,2.2574252154226997,1,f,1,change,0.7636086986385635,0.12332742274195901,0,0,0,0.3874371275851445,0,0,6.398672214130784
21,22,female,14,135,135,right,same,valid,clock,3,1.5294070668569475,1,j,1,same,1.502400072869932,0.1230146883881082,0,0,0,0.38748748325087945,0,0,6.2096925353653205
21,22,female,15,105,105,left,same,valid,anti,3,0.5374261263168592,1,j,1,same,0.8571412992787373,0.1226982308819794,0,0,0,0.38746920125413453,0,0,4.815641175151541
21,22,female,16,75,25,right,same,catch,clock,4,2.217371613904106,1,j,1,same,1.9562784533554805,0,0,0,0,0.38747689893716597,0,0,8.794017747004546
21,22,female,17,105,105,right,same,valid,clock,2,0.8643873832443205,1,f,0,change,1.3042822842362511,0.12237712872713485,0,0,0,0.3874361653724918,0,0,5.34589338326623
21,22,female,18,45,45,right,same,valid,clock,2,1.8094592956258566,1,f,0,change,0.7863508564623771,0.12205044633191531,0,0,0,0.38754810249156435,0,0,5.873068443292141
21,22,female,19,165,165,left,same,valid,clock,2,1.4814989438127668,1,j,1,same,1.00280131450927,0.12171722929950168,0,0,0,0.38752308502444066,0,0,5.39042575233907
21,22,female,20,45,95,left,change,valid,clock,2,1.3690832895517815,1,f,1,change,0.7480324405951251,0.12137649964630254,0,0,0,0.3874675975712307,0,0,5.519042780502787
21,22,female,21,135,135,left,same,valid,anti,1,1.2494398333219578,0,j,1,same,0.8206369702966185,0.1210272509125585,0,0,0,0.3875317449164868,0,0,5.107122536177485
21,22,female,22,135,115,left,change,catch,clock,2,1.2494363052137487,1,j,0,same,0.9192285512144736,0,0,0,0,0.38748203072464094,0,0,6.735690170895396
21,22,female,23,45,135,left,same,catch,clock,2,2.408170190599776,1,j,1,same,0.5609938604575291,0,0,0,0,0.38748203072464094,0,0,7.718736669379723
21,22,female,24,165,115,right,change,valid,anti,2,0.9044830012717284,1,j,0,same,0.520309690546128,0.12196039927189745,0,0,0,0.38747305009746924,0,0,4.772731413147994
21,22,female,25,105,55,left,change,valid,anti,2,0.8893615478991705,1,j,0,same,1.992914284393919,0.12162925698002647,0,0,0,0.3874525229475694,0,0,5.717558924148761
21,22,female,26,165,215,right,change,valid,clock,3,0.8414110876110499,1,j,0,same,1.262709673610516,0.12129039714060852,0,0,0,0.38744450452941237,0,0,4.918671431529219
21,22,female,27,165,115,left,change,valid,anti,2,1.4734410752098483,1,j,0,same,1.4501424391783075,0.12094282655386562,0,0,0,0.38743424095446244,0,0,6.1713449324561225
21,22,female,28,45,45,right,same,valid,anti,2,0.8814906688057818,1,j,1,same,0.5195719960902352,0.12058551775768234,0,0,0,0.38740986496486585,0,0,4.760452328580868
21,22,female,29,135,85,right,change,valid,anti,2,2.7854242480825633,1,f,1,change,0.9460135953886493,0.12021740392904684,0,0,0,0.3874127515955479,0,0,6.472962215288135
21,22,female,30,15,15,right,same,valid,anti,4,2.497478688648698,1,j,1,same,0.7942191696638474,0.11983778625349578,0,0,0,0.3874935772473691,0,0,6.533910851871042
21,22,female,31,165,165,right,same,valid,clock,1,1.3614423786857515,0,j,1,same,0.6884934418958437,0.11946624070321471,0,0,0,0.38748427588507184,0,0,4.972448395066749
21,22,female,32,45,355,left,change,valid,anti,2,1.2014364514725457,1,j,0,same,0.8095715534764167,0.12050379941656997,0,0,0,0.38752789607679006,0,0,5.074144707425148
21,22,female,33,135,185,right,change,valid,clock,1,1.0414497684614616,0,f,1,change,1.1321204353553185,0.12013690433265689,0,0,0,0.38746503167931223,0,0,5.202100376478484
21,22,female,34,45,95,right,change,valid,clock,2,1.457562041709025,1,f,1,change,0.9246958293333591,0.12112246875952842,0,0,0,0.3874977468221914,0,0,5.831154568797501
21,22,female,35,75,75,right,same,valid,anti,2,1.0894284535788756,1,f,0,change,1.4010989081507432,0.12077788446347121,0,0,0,0.3875147458711581,0,0,5.210062986279809
21,22,female,36,135,75,left,change,catch,anti,2,0.9532247190509224,1,f,1,change,0.635647256320226,0,0,0,0,0.3875041615574446,0,0,6.673231505839794
21,22,female,37,15,15,right,same,valid,clock,4,1.2964261590277601,1,j,1,same,0.8057332971548021,0.12042322273941442,0,0,0,0.38740986496486585,0,0,5.4174529527372215
21,22,female,38,15,65,left,change,valid,clock,1,0.8093733381829225,0,f,1,change,0.7830742101396027,0.12005743838170596,0,0,0,0.38743808979415917,0,0,4.466667757173127
21,22,female,39,45,135,right,same,catch,clock,3,1.9851386641057616,1,j,1,same,1.2800964904345165,0,0,0,0,0.3874708049406763,0,0,7.796395689041674
21,22,female,40,75,75,right,same,valid,clock,2,1.1283145734414575,1,f,0,change,0.9156423939530214,0.12104049405532441,0,0,0,0.3875689503765898,0,0,5.178527831285464
21,22,female,41,15,65,right,change,valid,clock,2,0.51346388600723,1,j,0,same,0.8124459959544765,0.12069722912069075,0,0,0,0.38748684177335235,0,0,4.445847133032657
21,22,female,42,105,55,right,change,valid,anti,2,0.2974156318086898,1,j,0,same,0.5089312346899533,0.12034372582303082,0,0,0,0.38748363440754474,0,0,4.062517359874619
21,22,female,43,105,155,left,change,valid,clock,2,1.3214452268293826,1,f,1,change,1.191043619550328,0.11997869950286072,0,0,0,0.38744386305552325,0,0,5.533401521959604
21,22,female,44,75,25,right,change,valid,anti,2,0.3694755505603098,1,j,0,same,0.8552954594597395,0.11961204894696004,0,0,0,0.3874724086272181,0,0,4.585696040376206
21,22,female,45,45,45,left,same,valid,anti,2,0.753344802880747,1,f,0,change,1.6851661191722087,0.11925997966452728,0,0,0,0.38753687670396175,0,0,5.558086061359063
21,22,female,46,165,165,right,same,valid,anti,3,1.8735203613287013,1,j,1,same,0.6839412256376818,0.11892130922641247,0,0,0,0.387450598525902,0,0,5.715448155799095
21,22,female,47,135,135,left,same,valid,clock,1,1.4654675603669602,0,j,1,same,0.7651459897315362,0.11859493051906295,0,0,0,0.38743167506254395,0,0,5.172489321070316
21,22,female,48,105,105,right,same,valid,anti,1,0.6814272912306478,0,j,1,same,1.1993869438338152,0.1195408352983463,0,0,0,0.3874329580066842,0,0,4.727777275289554
21,22,female,49,165,135,left,same,catch,clock,3,1.3614414164767368,1,j,1,same,0.6916033051275008,0,0,0,0,0.38744803263398353,0,0,6.626471940991905
21,22,female,50,135,165,left,same,catch,anti,3,0.4164471223812143,1,j,1,same,0.765867647351115,0,0,0,0,0.3875083311359049,0,0,5.7373746801458765
21,22,female,51,165,165,left,same,valid,anti,3,0.7282599840509647,1,j,1,same,0.5350831445794029,0.12053923282535411,0,0,0,0.38750512377009727,0,0,4.530030258301849
21,22,female,52,15,15,left,same,valid,clock,2,0.9054538713244256,1,f,0,change,0.7726278151858423,0.12018773956790213,0,0,0,0.3875243679722189,0,0,4.372675220074598
21,22,female,53,105,155,right,change,valid,clock,1,1.0734531990601681,0,f,1,change,1.4491622677633131,0.11982536454167436,0,0,0,0.3874659938883269,0,0,5.330746912426548
21,22,female,54,75,125,right,change,valid,clock,1,0.9774746601942752,0,f,1,change,1.1267833763413364,0.1208017169478659,0,0,0,0.3873617544559238,0,0,5.634546487901389
21,22,female,55,15,15,left,same,valid,anti,2,2.201506372079166,1,f,0,change,1.0423192857087997,0.12168580147465174,0,0,0,0.38745348516022204,0,0,6.48977491338519
21,22,female,56,75,75,left,same,valid,clock,2,2.209419267681369,1,j,1,same,0.956323997972504,0.1213736635312303,0,0,0,0.3874938979824947,0,0,6.030931207747926
21,22,female,57,45,355,right,change,valid,anti,2,0.8174658463503874,1,j,0,same,1.1391320607763191,0.12105345935481471,0,0,0,0.38755066838348284,0,0,5.224093934804841
21,22,female,58,15,325,right,change,valid,anti,3,2.001434334608348,1,f,1,change,0.7350919969139795,0.12072430198565942,0,0,0,0.3875423292265623,0,0,6.052974159523728
21,22,female,1,15,15,right,same,valid,clock,1,1.5363981651280483,0,j,1,same,1.5910709463205421,0.12038527057307463,0,0,0,0.3875285375470412,0,0,5.913825420437206
21,22,female,2,165,85,right,change,catch,clock,1,2.8414268037122383,0,j,0,same,1.1833507493392972,0,0,0,0,0.3874913320905762,0,0,8.793998502798786
21,22,female,3,165,135,left,same,catch,clock,4,1.9840507251537929,1,j,1,same,0.8573003846940992,0,0,0,0,0.3874489948429982,0,0,7.983170302857616
21,22,female,4,165,215,left,change,valid,clock,2,0.9924309341586195,1,f,1,change,0.8815679663530318,0.12129516008936586,0,0,0,0.3874627865225193,0,0,5.350206971404987
21,22,female,5,45,325,right,change,catch,clock,2,0.5614230061873968,1,f,1,change,0.7593294293255894,0,0,0,0,0.3875201983937586,0,0,5.768313585573196
21,22,female,6,45,135,left,same,catch,clock,1,0.9684308469149983,0,f,0,change,1.2562182831461541,0,0,0,0,0.38741948706592666,0,0,6.845235872991907
21,22,female,7,75,25,right,same,catch,clock,1,0.4081602477635897,0,j,1,same,1.6116442824495607,0,0,0,0,0.38744001421218854,0,0,7.06346449540797
21,22,female,8,105,105,right,same,valid,anti,1,0.1921135972479533,0,j,1,same,1.010899595934461,0.12097607391750548,0,0,0,0.3874522022124438,0,0,4.6580859972127655
21,22,female,9,135,75,left,change,catch,anti,3,1.3054308424289047,1,j,0,same,0.8661286628921516,0,0,0,0,0.3875285375506792,0,0,6.70442283106604
21,22,female,10,75,75,left,same,valid,anti,1,0.9602459665766219,0,j,1,same,0.7097781720694911,0.12182960232453804,0,0,0,0.3873858097103948,0,0,4.962664321439661
21,22,female,11,165,165,left,same,valid,clock,2,0.7454723200971785,1,f,0,change,0.8151081107243954,0.1226153621902552,0,0,0,0.38748203072464094,0,0,4.248303783861047
21,22,female,12,15,15,right,same,valid,anti,2,0.385454653922352,1,j,1,same,0.8051704042118217,0.12233284983700904,0,0,0,0.3875201983937586,0,0,4.156011792845675
21,22,female,13,135,185,right,change,valid,clock,2,0.7694012037900393,1,f,1,change,1.2690737316006562,0.12204497628293087,0,0,0,0.3874743330416095,0,0,5.341178553491773
21,22,female,14,75,125,right,change,valid,clock,2,3.7373535115220875,1,j,0,same,1.8358799828856718,0.12175098208027546,0,0,0,0.38752885828580474,0,0,8.636800625565229
21,22,female,15,105,55,right,change,valid,anti,2,0.36142698332332657,1,j,0,same,1.005073092692328,0.12145008711940619,0,0,0,0.3875099348188087,0,0,4.249030252529337
21,22,female,16,15,15,left,same,valid,clock,2,0.3614840744594403,1,j,1,same,0.7600674445202458,0.12114148718852813,0,0,0,0.3874839551463083,0,0,4.076528422727279
21,22,female,17,75,75,left,same,valid,clock,2,0.24946966183415498,1,j,1,same,0.5958383769175271,0.12082435041562595,0,0,0,0.38747048420555075,0,0,4.091611387695593
21,22,female,18,45,135,right,same,catch,clock,2,0.2814663569624827,1,j,1,same,0.5348637606621196,0,0,0,0,0.3874515607349167,0,0,5.503352340190759
21,22,female,19,165,215,right,change,valid,clock,1,0.5596140510897385,0,f,1,change,1.085010946742841,0.1204978135694193,0,0,0,0.38748106851562625,0,0,4.7831822984117025
21,22,female,20,135,185,left,change,valid,clock,1,1.0493809460604098,0,j,0,same,2.1420761031258735,0.12137381846917378,0,0,0,0.3875147458711581,0,0,6.294935374760826
21,22,female,21,75,125,left,change,valid,clock,1,0.6574605606074329,0,f,1,change,1.0828863867172913,0.12217382584158587,0,0,0,0.3874736915677204,0,0,5.199879274699924
21,22,female,22,135,85,left,change,valid,anti,1,0.23349697320736595,0,j,0,same,0.4628917237751011,0.1229150964327016,0,0,0,0.38749389798613265,0,0,3.9158707584974763
21,22,female,23,45,355,right,change,valid,anti,1,0.34542831502403715,0,f,1,change,1.368894696362986,0.12361269228715072,0,0,0,0.3873854889716313,0,0,4.895148921266809
21,22,female,24,165,165,right,same,valid,anti,3,0.32142790704529034,1,j,1,same,1.4207247880112845,0.12428004646988117,0,0,0,0.3875282168119156,0,0,4.674859565428051
21,22,female,25,45,95,left,change,valid,clock,3,0.8973870220943354,1,j,0,same,0.7193569741939427,0.12403034678537922,0,0,0,0.38744225936898147,0,0,4.465504765827063
21,22,female,26,75,25,right,change,valid,anti,1,0.34546455827512546,0,j,0,same,0.8809021169254265,0.12377969660086285,0,0,0,0.387421411487594,0,0,3.9066983297961997
21,22,female,27,165,165,right,same,valid,clock,1,0.20110577191371704,0,j,1,same,0.8222820289302035,0.12443568092844431,0,0,0,0.387525009446108,0,0,4.053435699664988
21,22,female,28,45,95,right,change,valid,clock,1,0.13749630350866937,0,j,0,same,0.6512366645692964,0.12507665456368866,0,0,0,0.38743007137600216,0,0,4.004102543378394
21,22,female,29,135,115,left,change,catch,clock,3,0.5214967371430248,1,j,0,same,0.833417687092151,0,0,0,0,0.3874602206306008,0,0,6.11168533674936
21,22,female,30,135,135,left,same,valid,anti,1,0.19248950068140402,0,j,1,same,0.6610120783007005,0.12576463214375072,0,0,0,0.38739960138627794,0,0,3.87675434967241
21,22,female,31,165,165,left,same,valid,anti,3,0.34541356113550137,1,j,1,same,0.8364585919298406,0.12646206180737046,0,0,0,0.3875718370072718,0,0,4.406409987484949
21,22,female,32,15,65,right,change,valid,clock,3,0.21748547543757013,1,j,0,same,0.5653074485962861,0.12622195768661038,0,0,0,0.3875285375506792,0,0,3.798455139516591
21,22,female,33,45,45,left,same,valid,clock,3,1.1455214569650707,1,j,1,same,1.0213960258151928,0.12598603315783796,0,0,0,0.38748267219853005,0,0,5.245569824062841
21,22,female,34,135,135,right,same,valid,anti,3,0.21748194733299897,1,j,1,same,0.5547282686457038,0.12575371903494476,0,0,0,0.3874701634667872,0,0,4.403549015947647
21,22,female,35,15,15,left,same,valid,anti,3,0.12148640942177735,1,j,1,same,0.5838027315221552,0.12552446507957965,0,0,0,0.38750448229620815,0,0,3.723097726553533
21,22,female,36,165,115,left,change,valid,anti,3,1.2652896797844733,1,f,1,change,4.074057787773199,0.1252977376075699,0,0,0,0.3875288582894427,0,0,8.608006807316997
21,22,female,37,105,105,left,same,valid,clock,2,0.20945294503690093,1,j,1,same,1.4242654006520752,0.12507301722475073,0,0,0,0.3874089027522132,0,0,4.764669695705379
21,22,female,38,45,165,right,same,catch,anti,1,0.5293422780378023,0,j,1,same,1.1383645378082292,0,0,0,0,0.3874499570520129,0,0,5.924517820451001
21,22,female,39,135,135,left,same,valid,clock,1,2.768176630994276,0,j,1,same,0.6785239824457676,0.12484979667631585,0,0,0,0.38745444736559875,0,0,6.756139702651126
21,22,female,40,105,155,left,change,valid,clock,4,1.5774957646717667,1,j,0,same,0.4998033883894095,0.12546775489438566,0,0,0,0.3875031993484299,0,0,4.839778216970444
21,22,female,41,135,85,right,change,valid,anti,1,0.833452005921572,0,j,0,same,0.9754742252771393,0.12524427066810873,0,0,0,0.3874329580066842,0,0,4.6745102831373515
21,22,female,42,135,165,left,same,catch,anti,3,1.4334294902037072,1,f,0,change,0.9612684752355563,0,0,0,0,0.38751987765863305,0,0,6.907119777846674
21,22,female,43,45,45,left,same,valid,anti,2,1.4042559196786897,1,f,0,change,0.9866438815297442,0.12590952803317734,0,0,0,0.38742782621920924,0,0,5.904460870438925
21,22,female,44,15,325,right,change,valid,anti,2,0.5854137920650828,1,f,1,change,0.7347818445050507,0.12568381396338418,0,0,0,0.3875484232266899,0,0,4.5905731629318325
21,22,female,45,45,45,right,same,valid,anti,2,0.26509916217037244,1,j,1,same,2.2512516750466602,0.12546091698905237,0,0,0,0.3874897284076724,0,0,5.435111433558632
21,22,female,46,165,115,right,change,valid,anti,2,0.3374567245991784,1,j,0,same,0.4892264535956201,0.12524032962440868,0,0,0,0.38750608597911196,0,0,3.956841346298461
21,22,female,47,75,75,right,same,valid,clock,2,0.2734335058266879,1,f,0,change,0.9368148662761087,0.1250215573098835,0,0,0,0.3874271847453201,0,0,4.304828178133903
21,22,female,48,105,155,right,change,valid,clock,2,0.22541857745454763,1,j,0,same,0.5223502175540489,0.12480411642491429,0,0,0,0.38744482526453794,0,0,3.974297121516429
21,22,female,49,45,45,right,same,valid,clock,3,3.5215435647041886,1,j,1,same,0.7939709194433817,0.1245725143230339,0,0,0,0.3874493155781238,0,0,7.4746031043468975
21,22,female,50,75,25,left,change,valid,anti,3,1.1693717601592652,1,f,1,change,0.8529662694018043,0.12434123000754205,0,0,0,0.387471767153329,0,0,4.841022033971967
21,22,female,51,15,65,left,change,valid,clock,3,0.7214141795120668,1,j,0,same,1.4997908796613046,0.12410969954345491,0,0,0,0.3874412971599668,0,0,5.044016624426149
21,22,female,52,105,55,left,change,valid,anti,3,0.2654445956177369,1,j,0,same,0.6016619935326162,0.12387736285536932,0,0,0,0.38749550166903646,0,0,3.9636675858964736
21,22,female,53,75,75,right,same,valid,anti,3,0.16947150927808252,1,j,1,same,0.5623537841493089,0.12364366141798694,0,0,0,0.38744386305916123,0,0,3.8001967399031855
21,22,female,54,135,135,right,same,valid,clock,4,2.673411118405056,1,j,1,same,1.5684176325667067,0.12340803598583777,0,0,0,0.38743007137600216,0,0,7.488340899511968
21,22,female,55,15,325,left,change,valid,anti,2,1.8414389917052176,1,f,1,change,0.747630557481898,0.12316992434747415,0,0,0,0.38756702595492243,0,0,5.535097577732813
21,22,female,56,45,355,left,change,valid,anti,1,0.45735067620989867,0,f,1,change,2.3321751530384063,0.12292875908985407,0,0,0,0.387530141233583,0,0,5.55537294944952
21,22,female,57,105,105,right,same,valid,clock,1,0.5454349222018209,0,j,1,same,0.6968524822768813,0.12356539206897327,0,0,0,0.38739928065115237,0,0,4.065047331117967
21,22,female,58,105,105,left,same,valid,anti,2,1.3694543819401588,1,j,1,same,0.6249397816791316,0.12417352984614233,0,0,0,0.38746888051900896,0,0,4.919720561341819
21,22,female,1,165,135,left,same,catch,clock,2,2.1361030232001212,1,j,1,same,0.826045232857723,0,0,0,0,0.3874659938883269,0,0,7.616684339260246
21,22,female,2,105,155,left,change,valid,clock,2,0.8401987028119038,1,j,0,same,0.7951733614027034,0.12394661493115827,0,0,0,0.3874919735644653,0,0,4.475271840405185
21,22,female,3,135,115,left,change,catch,clock,1,0.7452846891210356,0,j,0,same,0.9040682886989089,0,0,0,0,0.3874643902054231,0,0,6.220802534589893
21,22,female,4,45,45,right,same,valid,clock,4,2.392309759827185,1,j,1,same,1.5093578145242645,0.12371849296503551,0,0,0,0.38751282144949073,0,0,7.035146329712006
21,22,female,5,135,135,left,same,valid,clock,4,1.1454303677346616,1,j,1,same,0.6116760353834252,0.1234886257117136,0,0,0,0.38749165282570175,0,0,4.445398101623141
21,22,female,6,135,85,right,change,valid,anti,4,0.6254266600190022,1,j,0,same,0.6755962976749288,0.12325647256402228,0,0,0,0.38748363440754474,0,0,4.36644073971911
21,22,female,7,45,135,right,same,catch,clock,4,1.465481672781607,1,f,0,change,0.8483492643281352,0,0,0,0,0.3874845966201974,0,0,6.984652747974906
21,22,female,8,135,135,right,same,valid,clock,1,1.0563390084498678,0,j,1,same,1.5307551232872356,0.12302148843304861,0,0,0,0.387479785567848,0,0,5.870368160853104
21,22,female,9,15,15,left,same,valid,anti,2,1.449392877464561,1,j,1,same,1.0163559690081456,0.1236414069381892,0,0,0,0.3874938979824947,0,0,5.9163156203285325
21,22,female,10,75,75,right,same,valid,anti,2,1.2414409802731825,1,j,1,same,0.8037033544569567,0.12341329484011726,0,0,0,0.3874621450486302,0,0,5.346269286703318
21,22,female,11,75,125,right,change,valid,clock,2,0.7934253462844936,1,f,1,change,1.909564433120977,0.12318272537431285,0,0,0,0.3875211606027733,0,0,5.618000963495433
21,22,female,12,135,135,right,same,valid,anti,2,0.9214692179339181,1,j,1,same,0.6332837474365078,0.12294916123640193,0,0,0,0.38744963631688734,0,0,4.64090092378683
21,22,female,13,15,15,right,same,valid,clock,1,1.1053706722195784,0,f,0,change,0.982411439781572,0.12271205789316125,0,0,0,0.38749742608706583,0,0,4.877441046988679
21,22,female,14,105,105,left,same,valid,clock,2,1.7374510154841118,1,j,1,same,0.9103056556778029,0.1233393352838622,0,0,0,0.3874845966201974,0,0,5.450137948861084
21,22,female,15,45,95,right,change,valid,clock,2,0.5054785039028502,1,j,0,same,0.5961103616537002,0.12311025365840583,0,0,0,0.38749806756095495,0,0,3.85236969910693
21,22,female,16,135,85,left,change,valid,anti,2,0.8574312452728918,1,j,0,same,1.1663738340430427,0.12287801901821449,0,0,0,0.3875189154459804,0,0,4.869969485109323
21,22,female,17,135,135,left,same,valid,anti,1,0.9614942738880927,0,j,1,same,1.0781689910472778,0.1226420935401129,0,0,0,0.38746471094418666,0,0,5.281610367750545
21,22,female,18,105,55,right,change,valid,anti,2,2.977480754194403,1,j,0,same,0.5179500305021065,0.12326668599979679,0,0,0,0.38752565091999713,0,0,6.767910740254592
21,22,female,19,45,325,right,change,catch,clock,2,0.39345190328458557,1,j,0,same,0.522316540198517,0,0,0,0,0.3874194870622887,0,0,5.487598394007364
21,22,female,20,15,15,left,same,valid,clock,2,0.7362614029916585,1,j,1,same,1.4338737105572363,0.12303900040043392,0,0,0,0.3875121799792396,0,0,5.44712623106534
21,22,female,21,75,125,left,change,valid,clock,1,0.7454999034598586,0,f,1,change,2.0155746543568966,0.1228080084776969,0,0,0,0.3875073689268902,0,0,6.04148729465669
21,22,female,22,165,165,left,same,valid,anti,3,2.225464122071571,1,j,1,same,0.6144273149657238,0.12341872827266831,0,0,0,0.3874159589613555,0,0,5.69932504164899
21,22,female,23,15,65,right,change,valid,clock,1,0.68145487458969,0,j,0,same,0.8232750298120664,0.12319528887851533,0,0,0,0.3874781818813062,0,0,4.787967369527905
21,22,female,24,75,75,left,same,valid,anti,2,0.5934309270996891,1,j,1,same,0.7297565415865392,0.12378402717280307,0,0,0,0.38744867410423467,0,0,4.469448223793734
21,22,female,25,45,45,left,same,valid,clock,2,0.72946274674905,1,j,1,same,0.5142227490869118,0.12356663467922524,0,0,0,0.38751827397572924,0,0,4.238512654024817
21,22,female,26,75,75,right,same,valid,clock,3,1.193475766092888,1,j,1,same,0.7602842625383346,0.1233471542607435,0,0,0,0.38749870903484407,0,0,4.889983777135058
21,22,female,27,105,55,left,change,valid,anti,3,1.9054820961573569,1,j,0,same,0.5056613238339196,0.12312508856484822,0,0,0,0.3874724086235801,0,0,5.566396670496033
21,22,female,28,45,45,left,same,valid,anti,4,1.8174203017370019,1,j,1,same,0.42644095782452496,0.12289993451947695,0,0,0,0.38743167506254395,0,0,5.019630690912891
21,22,female,29,15,325,left,change,valid,anti,1,0.4733410053559055,0,f,1,change,2.3684055728626845,0.12267118148682599,0,0,0,0.3875269338641374,0,0,5.65082676304155
21,22,female,30,75,25,left,change,valid,anti,4,0.4014914898943971,1,j,0,same,0.7511750189696613,0.12327680995937751,0,0,0,0.38739767696824856,0,0,4.0345763805635215
21,22,female,31,165,215,right,change,valid,clock,1,1.35329470380384,0,f,1,change,3.4946462626794528,0.12305603229112672,0,0,0,0.38747786114618066,0,0,8.12766219495461
21,22,female,32,15,325,right,change,valid,anti,2,0.9694514311595412,1,f,1,change,0.8124508070068259,0.12363861730797004,0,0,0,0.3874182041181484,0,0,4.975496356109943
21,22,female,33,75,25,right,change,valid,anti,1,0.2814022096172266,0,j,0,same,1.3151279964004061,0.12342432937811032,0,0,0,0.3875259716551227,0,0,4.277777884686657
21,22,female,34,45,165,right,same,catch,anti,1,0.649421936210274,0,f,0,change,0.9697035302197037,0,0,0,0,0.38749293577711796,0,0,6.095998424541904
21,22,female,35,135,75,left,change,catch,anti,2,0.9202148166259576,1,j,0,same,1.515834130364965,0,0,0,0,0.38745508883948787,0,0,7.079224535587855
21,22,female,36,135,165,left,same,catch,anti,2,0.2003863594509312,1,j,1,same,2.791221885021514,0,0,0,0,0.3875173117630766,0,0,7.983813059247041
21,22,female,37,45,95,left,change,valid,clock,1,0.2562952599619166,0,j,0,same,1.0284660253200855,0.1239878674494082,0,0,0,0.3874749745154986,0,0,4.236368849793507
21,22,female,38,45,45,right,same,valid,anti,2,1.1534231267833093,1,j,1,same,0.7060040630931326,0.12453189866123637,0,0,0,0.38738901707620244,0,0,4.8474152790004155
21,22,female,39,105,155,right,change,valid,clock,4,0.6574826914438745,1,j,0,same,0.7618003850111563,0.12432689086467269,0,0,0,0.3874355238986027,0,0,4.658191519592947
21,22,female,40,135,185,left,change,valid,clock,2,0.25745151583396364,1,j,0,same,1.4643087385993567,0.12412149515163601,0,0,0,0.3874631072576449,0,0,4.56834514606453
21,22,female,41,165,165,left,same,valid,clock,2,0.1934706343090511,1,j,1,same,1.9086747094625025,0.12391525294409639,0,0,0,0.3874775404110551,0,0,4.80412672692546
21,22,female,42,165,115,left,change,valid,anti,2,0.18546664947643876,1,j,0,same,0.8764047466465854,0.12370770615246529,0,0,0,0.38740922349097673,0,0,4.134265522534406
21,22,female,43,15,65,left,change,valid,clock,1,0.8814829711263883,0,j,0,same,2.156978172584786,0.12349839551374664,0,0,0,0.3874643902054231,0,0,6.327105267715524
21,22,female,44,15,15,right,same,valid,anti,2,1.0654386299138423,1,j,1,same,0.7848770712371334,0.12404853688021822,0,0,0,0.38738709265817306,0,0,4.75177415516373
21,22,female,45,45,355,left,change,valid,anti,2,0.8493656789869419,1,f,1,change,0.9227534477577137,0.12384400263608092,0,0,0,0.3874473911600944,0,0,4.816205351042299
21,22,female,46,105,105,right,same,valid,anti,2,0.9375147137980093,1,j,1,same,0.5983513491155463,0.12363800518551221,0,0,0,0.38745508884312585,0,0,4.506623533994571
21,22,female,47,165,165,right,same,valid,clock,2,0.6334909433571738,1,j,1,same,0.4178612505784258,0.12343009210682837,0,0,0,0.3874977468258294,0,0,3.9082830899242254
21,22,female,48,75,25,right,same,catch,clock,2,1.0014952745841583,1,f,0,change,1.4919645829686488,0,0,0,0,0.3874541266304732,0,0,6.954098405873083
21,22,female,49,105,105,right,same,valid,clock,1,1.5683768990020326,0,f,0,change,1.4251220884289069,0.12321980758969536,0,0,0,0.3874781818849442,0,0,5.72832060329165
21,22,female,50,45,355,right,change,valid,anti,1,0.753543980379618,0,j,0,same,1.1022871093991853,0.12377405853627149,0,0,0,0.38744803263398353,0,0,5.281644686576328
21,22,female,51,165,115,right,change,valid,anti,1,0.5214271372788062,0,j,0,same,0.5991503042823751,0.1243059919725864,0,0,0,0.38747144641456543,0,0,4.519867715349392
21,22,female,52,45,135,left,same,catch,clock,2,1.4894637987672468,1,j,1,same,1.07431405641546,0,0,0,0,0.38748587956433767,0,0,7.250575882779231
21,22,female,53,105,105,left,same,valid,anti,2,0.26342170912903384,1,j,1,same,0.8291923015458451,0.12482397455932948,0,0,0,0.3874865210382268,0,0,3.9544720641497406
21,22,female,54,165,85,right,change,catch,clock,2,1.7294399744423572,1,j,0,same,0.9877824968862114,0,0,0,0,0.38741884559203754,0,0,7.328311237779417
21,22,female,55,135,185,right,change,valid,clock,2,0.9038110578476335,1,j,0,same,0.6323677233667695,0.12462712474277932,0,0,0,0.3874807477768627,0,0,5.073114180348057
21,22,female,56,165,215,left,change,valid,clock,3,4.273340492178249,1,f,1,change,1.1580035678744025,0.12443051530723065,0,0,0,0.38746567315320135,0,0,8.281805375674594
21,22,female,57,75,75,left,same,valid,clock,3,0.4253520566599036,1,j,1,same,1.3788259881439444,0.1242337142262564,0,0,0,0.3874554095782514,0,0,4.564739423865831
21,22,female,58,165,165,right,same,valid,anti,3,1.2413229491612583,1,j,1,same,2.8703781036892906,0.12403629204864247,0,0,0,0.3874602206306008,0,0,6.960400240935996
